0.05178384716637227 0.05210167140491395 0.05223939799542648 0.05224300570212478 0.10903707859523318 1.6725756139855779 0.05181686325372503 0.12050924154974185 2.448999048354376 11.453248967000249 
0.07643135941974769 0.07647747490039233 0.08385686636547376 0.09772165923647766 2.9978474858259005 0.07828255765464905 0.09740540428276988 1.0629656690244182 0.08493522295842211 5.367867588109074 
0.04072904475545632 0.04562548277125304 0.04552258097747438 0.04705603378357525 0.048425809552883184 0.04070817376890585 0.15349246667168773 0.044534205878361426 7.55917275498266 10.190022815965131 
0.049403363265054866 0.049794240346881215 0.049452575125395984 0.0496732910355232 0.05057134883554568 0.05140793772321544 3.6305566098316664 0.07048855434669188 2.2931375069229873 4.824325349839693 
0.050228452530787907 0.0510161762083258 0.051670537811955894 0.051858394758751626 2.164237744086848 0.3787745737827611 2.6818349127420524 0.051017920152451546 0.05020995750845274 3.577871616133692 
0.057512130996733676 0.05751847280637534 0.0578998146143042 0.057515020662813214 0.06830065879159349 0.35270715105974126 0.05756451036754265 0.07015854019984344 7.10162702124271 11.984064440240376 
0.06750580419854871 0.06743314553514532 0.06871355139507501 0.0675497699104695 1.8158833704909811 0.09535293507625373 0.06862141697931044 2.8129694115406063 0.0673859914962059 4.236716272877853 
0.043500092492695076 0.04350009248972019 0.043500605621213585 0.043500228158491264 0.04365333829077448 0.056782047392362894 0.04354325986204111 4.119815293711873 2.953735992334708 8.425253566497515 
0.06010621829835372 0.05948954898317349 0.06563574289463368 0.05882087357052963 0.0627278041789834 1.7073232842044863 0.05894340928394667 2.8568728747397563 0.061438912292771986 9.671084950867657 
0.07314972089675893 0.06879735187295297 0.06611647665181968 0.06610784810582775 0.07159671317839648 2.6118928635741687 0.06651119311086888 0.0698758722250162 2.519220904248763 5.697753014022556 
0.03695048848597351 0.037016676679794976 0.9174536838039652 0.2509939320050162 0.33441420480985834 0.041317511067974294 0.04447290576124591 1.9685160559577755 0.03753187227280641 9.286378531878576 
0.049878062017271844 0.04987804209516644 0.05536083551669628 0.05132028462034211 0.05097210256287214 0.051198324577358234 2.410629818938729 6.165552912664124 0.051523217227462545 0.12360152003162655 
0.10069078590043988 0.10401924994663042 0.10110593824267163 0.10071760640326978 1.690084405392867 0.10071954493555918 0.10072585957707401 0.10878105923003052 7.189366276031088 0.2784477878672876 
0.03373581958186472 0.033759298649374894 0.03384839205407334 0.033852490243725886 0.033941971434838375 0.03703377739075514 0.03595633988646041 9.679668701058208 0.03759135631830302 5.4903690247272126 
0.028435807931679616 0.029296926987412937 0.028539440367963784 0.8217538697576844 0.06627671538634748 0.15415898611687495 3.989536569477655 0.02930293698350996 0.12083800720862498 7.547919465208158 
0.0939036170417609 0.05004255727724775 0.15494484873280212 0.05364387831105867 0.4735123866563904 0.07615041218881773 0.05095638501587886 3.2321981767141885 0.05016985282577484 8.077920479782275 
0.032920774209031896 0.03858551940231901 0.04391059343954884 0.03284845008505992 0.05957505277619385 4.0982771317841875 0.03418165532446358 1.8973245179024054 0.033621688215569136 8.248009212919463 
0.036165596451701296 0.03646071534206294 0.0361902392868378 0.036161661057990464 0.11184429771287657 5.517720592268801 0.03621740699032928 0.10675610503909348 0.1649629099393755 6.919333711432936 
0.045149509078193616 0.081490984686489 0.04353953284188767 0.18759769667971238 0.4633947066469383 0.047118542905173366 0.04426668903980299 0.7789603224522036 3.524686159324106 8.17204164301819 
0.06580632314647833 0.06582711070965719 0.10854542486050774 0.07525812587531323 0.0894155759228196 0.06582532342442636 0.24390594669515908 0.11301185770899641 6.493260299968942 4.348289617827643 
0.06786046410718923 0.06917180317406078 0.067671039969043 0.06624140309382708 1.7355706099166208 2.4319709616080187 0.06646253148797107 0.06836433743032831 0.06630398750608547 4.783036792375812 
0.041417857624346334 0.05376476389301292 0.21395622288423377 0.05570298743395223 0.05737659363513034 0.9574543745238753 2.622560585618575 0.14122158992838277 0.07023540278137735 10.895793340153496 
0.05715384516539235 0.05263014858485416 0.05385505888694502 0.08959905164675765 5.394279956311335 0.37786301129620997 0.0529600237393335 0.055239375166129326 0.05485037467603599 9.512719627882841 
0.054108777292585786 0.05741332313000581 0.05444630456730045 2.4677049805196245 0.1894364276797598 0.056053871131253194 0.054096116683432685 0.05452292343345096 0.562887459586874 7.805235389996875 
0.04674396676271456 0.04674761835261342 0.22339704679216507 0.050697558891544474 0.10431583726149868 0.06624100930334058 0.08336189503441432 3.667119013449792 0.5052373309810657 6.18470937285148 
0.04052402432720791 0.041000098755329714 0.04120061764600701 0.04098625123205834 0.04177099269720336 0.04719019402723367 2.8144004549378474 0.04125940073543482 3.502045336678135 6.955325280284571 
0.07938421337050426 0.07513738340437626 0.07526255797274836 3.747262081549424 0.07853864437073038 0.12006815315146427 0.0763607167852549 0.15525050223698297 0.6039019083373092 11.157357357656272 
0.042228363288517645 0.04697975306588142 0.04246971612183449 0.04447416343653713 0.049110955837110636 0.042428463294648035 5.273261591123677 0.05158229920432611 2.4878122362739092 2.629679660608227 
0.04641887825493505 0.049645675507973996 0.04611573784562058 1.9502663798309103 0.14586825006131118 0.12425962473139245 0.04394701632639317 0.3395648324997372 0.18862338687041735 9.62098260923324 
0.040242545942911205 0.0402426520287499 0.04192137999469189 0.040276921580872274 0.04055666892681361 0.04298990492283951 0.043426623798051206 3.5546058974895085 5.720324681420258 2.3722477939244944 
0.0605528746256514 0.047716563312420024 0.043915826900914286 0.04455878419796367 0.25634786501857154 0.04454623968942835 0.043932988323559456 3.6439106447643264 2.6703912442651285 1.5715912545175053 
0.06240348938853631 0.07753128118320413 0.06335160331695605 0.06241588318345713 2.085803702691466 0.06336182973269724 0.10963734042837871 0.06401892452950825 4.45411471397579 2.6009870170550276 
0.04047045397018587 0.0384456240671642 0.03771001786388976 0.03621348360996637 0.4713126669919616 0.07845645456276988 0.305591420480165 0.17751631831220807 5.7180599891498405 2.320492756148042 
0.030148904310496518 0.030149565774649115 0.03962795520572547 0.048531136546228405 0.0315517974698006 1.6735295804207695 0.03515582542908131 0.031026141902864283 3.6931787369163893 4.203603434742487 
0.024209003276580682 0.02420744191404467 0.044662867487198596 0.06327779606882322 0.02875637225360269 2.056851669576723 0.03113656789306711 0.024521544241225716 5.035576036245428 2.7701587666642316 
0.0448955908995717 0.04489590182949246 0.06085291449994053 0.045075904046810514 0.06338002613272213 3.8576853149656505 0.04590413923537732 0.050661926148504025 3.075630526717993 2.193164438049704 
0.03270067465953998 0.04188266317094405 0.03357509608915003 0.03321684743247914 2.772135233719367 0.03622119174678721 1.9493441085739363 0.1367520623454198 0.03641080756267201 11.856261763050979 
0.03438580237507889 0.03385462987936718 0.05420648981627234 0.034045583218964885 1.2034385941232288 2.1154413369354446 0.26693018746996267 0.42238941581942235 0.034190371645965535 7.373273688052676 
0.05009959896883983 0.050034322206006114 0.05056239095187476 1.6143262156025096 0.14552151246080858 0.05287286819874577 1.8684871083266594 0.06564544126931568 0.5335882640685253 3.3950447711668947 
0.028756664981389672 0.028753336313852063 0.07236224167883099 0.11204739298447283 0.038458241609301974 4.213635830005036 1.256924119287711 0.029811063027583632 0.0287502060924283 2.8562717307110863 
0.030926687533294323 0.03097020453554635 0.03629582291426187 0.031069364477546033 2.1315776227746004 3.3646462474370815 0.03137296533968987 0.038237079145517015 0.03166888036340365 11.188804575727845 
0.050467966036760493 0.05046764032981985 0.05047026044830263 0.09937393976178191 2.2349343945378637 0.05332410557921807 1.8488183554045237 0.06564773681714628 0.5204780265077282 5.566713662235168 
0.06525896624667608 0.06524647611700685 0.07994381071062825 0.06525874854483504 3.1774068695150506 2.1316885446820493 0.06682706258791651 0.06863924405618867 0.09138292544919652 2.5215319399601976 
0.05622951804567752 0.05621287887056354 0.0561457412274966 0.056672522425113545 0.05763655001645218 0.4336423284429753 0.06472729515669666 0.09766484222925359 6.58581741306841 6.3484665763226085 
0.04226832993405161 0.042268329524464535 0.042271478760031504 0.04226835897642851 0.04226839628785036 0.04226870891535742 0.04510166754957999 3.800261174436001 6.2300218303210935 0.0447976501629032 
0.06833640517610665 0.06833676961723319 0.0685068284773185 0.09642600658736977 0.07375489301558368 0.06963134274631154 0.06877098093955357 0.06915021467188931 9.589731117614217 8.853167153898726 
0.03742059627362804 0.0374205978910369 0.03807989097913098 0.037565250395542975 0.03780503814632861 0.19566646728183978 0.037534331368042975 0.051447122147331895 8.74051083698179 6.329919293268493 
0.022617270875747744 0.022678095615121536 0.022628818960638675 0.06156959558942846 0.027099879234633223 1.8111081713356807 0.02870278447037857 0.4975128227143679 3.505140220115409 8.345578606210072 
0.0289770521202021 0.02896730942664181 0.03035964867604038 0.08835212863895148 0.030365623703497525 2.3210510964930076 0.03597882428838785 0.030188713449927525 5.1921280041626705 0.2771837109956749 
0.051100506360405286 0.051098252686580324 0.05111303022633244 0.05110983001866419 0.05116176148449463 0.06918643907638275 3.463125361419928 0.05277672135910213 5.016935535987702 4.403887953151075 
0.029885686859794647 0.03987477999035816 0.028349939645759933 0.02848114011458025 0.08657079778695898 0.04415024803168929 0.08685766417932814 5.343106547344171 0.7744371606302761 7.604620475136381 
0.07567878292225053 0.07596927177884576 0.07567872489233356 0.07658583677722575 0.07577540769242744 0.07572083227201029 0.07877452098038641 5.406297111221384 1.606647100044595 4.054757389560535 
0.03802798545871195 0.03800020668690617 0.03800029512158224 0.03803271321451606 0.03799998311218065 0.05817633272163954 3.596416213536218 0.039757714687230404 5.238540082515286 0.04510583381012528 
0.03948170461793061 0.03506001971465314 0.03506016407404929 1.8465150261344017 0.1223279650875839 0.0404887949294267 0.03855393689060844 3.012905061325907 0.06013469616953309 1.28480679104213 
0.02513525242189585 0.025088205917746027 0.025184884482459906 0.025214972416276495 0.02518583823061544 0.025104421951928794 2.250982240329174 1.9717394787777105 1.7653213613884715 15.290460368492013 
0.04513547560725935 0.038651724196243714 0.055582286533929826 3.0488787602191567 0.12412940060462752 0.1219874622174241 0.056445898973168235 0.04001147145919391 0.6027456644823557 2.424464646425074 
0.021215415910964167 0.020173629976433138 0.02033854689256033 0.02467106416414967 0.021727960603462847 3.6946034196327826 0.023060776991753306 0.4729514686971513 2.0324555317638113 0.08199637084231393 
0.04024267025032548 0.040244234775809996 0.07636334220260613 0.05147284890498943 0.10656842818515413 0.1264820850697037 2.502809166545494 0.08773320688953906 3.003901856456715 2.188511517390267 
0.027303930210333394 0.028149894104172225 0.030445046906190626 0.03431856964701539 0.02848985081005512 2.8908996400192875 0.09739871030007265 3.6229179652418124 0.027734879601058863 0.038562099611106126 
0.056064245580450076 0.05528556954096773 0.055212638422471996 0.055323747650822555 0.07781391378556123 3.52735706515623 0.054852226727149456 1.7647866579757556 0.5369389372809843 0.06413542373504721 
0.05772679004532009 0.05647376880254376 0.059695383010011725 0.07366828955058198 0.10968490445839235 3.097426946634404 0.059572013815928276 0.2552198701481877 0.5331847925472967 4.036739113163735 
0.05732498224327994 0.05684847901424525 0.061545626269116485 0.0566814605730744 0.08711223760218667 1.5807174199261003 5.581451806383076 0.05615188948610792 0.056956831070529866 0.1896815082702854 
0.033119671978728935 0.03799823557495066 0.033118566823434725 0.46072814825529773 0.49066510129287433 0.03312290720880238 4.315356982587601 0.06341261274111262 0.07054613972830082 3.357191892431102 
0.04938083347334984 0.049140418864655776 0.04965266267172027 0.04953979786658379 0.04959158220576173 0.049201870419396866 4.225375524140087 3.7199370497311106 0.0829196170364488 0.05757609883983832 
0.08506763301250805 0.026968984355382676 0.030791826532915643 0.058602229261894775 0.03911244784608683 0.03509390034673532 0.8471643023343192 3.2006819779758855 0.46641445290168704 4.483353559481005 
0.05289230758188051 0.052883557157479305 0.052881953534306095 0.07265223827085232 3.880809248895515 0.05304309326347377 0.05301690601009492 0.2535728571387989 1.7262051001318701 2.2934786500056297 
0.0306607230091202 0.030858163575673114 0.0812820276515275 0.08133772520485132 0.18161280688817413 1.404869483531871 1.7147586828700894 0.5667158072208004 0.030688592281811356 3.793471542102386 
0.020431569515954526 0.02038429254021182 1.8742923539102245 0.053656524651441814 0.02534223942481745 2.1044202464043225 0.02345229037036921 0.026002700664837036 0.023294380955691585 0.06096057433319843 
0.07747558750798339 0.04650992970956241 1.4414228971088467 0.07394476806269151 0.04004767231787304 0.06349017357044326 0.0317533087452503 0.03315450630481664 0.41564131696513484 15.859383937062594 
0.037111691006963786 0.03433001292283554 0.03331901226415131 1.1226884287902255 0.1896154204027234 1.5358345797481514 0.3399838437237746 0.04501320898072641 0.08269974982449937 8.593895132238393 
0.02717080718549306 0.027155337672453348 0.02715572287493211 0.027211432682263444 1.1942337584870124 2.305485530011129 0.03512781246557631 0.02777640928034002 1.920948675034499 0.027548137524187083 
0.016983914602745034 0.019047067719451197 0.03112102583514151 0.12870719465620303 2.1581097406540937 0.14501192898529489 0.17838003806912495 0.2121462581767438 0.33673703558934687 8.947975235748524 
0.03678567001981168 0.027722730617925694 0.061075197252687466 0.23681842931705327 0.03977226682607006 3.1641574068406793 0.2735257617090185 0.19083675448457632 0.02855905493031859 11.097076632569934 
0.022606514162415905 0.020325589056117754 0.020353428755506556 0.023152292387477777 5.327697981936762 0.6347374171312741 0.0207276723460628 0.06570245093277591 0.02064899589801004 2.3154319817669795 
0.02548837919511263 0.02533590528283346 0.025603486341429244 0.027885034724265442 0.02752443238153196 0.02624446584417822 0.028342196802797072 5.224780821271189 0.026536210618168223 9.862994896845208 
0.013703628705259647 0.013703261757232785 0.013704642927594888 0.013959821556502758 0.013780095918014521 0.013735831559583174 4.528484189869094 0.7078806875930067 1.94480974190053 0.25325451447382913 
0.020536103045205346 0.020284274003090772 0.021317255191641925 0.021290594549308126 0.07108998451219635 0.026766636877898486 0.026696658204119726 0.07069731907390016 13.495222377045339 0.1059832448912836 
0.01891411593882316 0.01890523991517099 1.8508091920116734 0.051422028437631793 0.028076251037904412 0.026513066894814023 2.428960136824108 0.02498698659142511 0.02011450223132011 0.023971451338250495 
0.0075811809653148305 0.01696279313132387 0.056780244162157385 0.024923085745811317 0.02422800310819245 0.026712166067303398 0.02908595772057443 0.05006977069727347 10.611901156690733 0.014116174327360408 
0.0102773676700393 0.010325272655225435 0.011545536348395169 0.012315469793537894 4.412564705721201 0.010469109188646636 0.010851991296837213 0.025245476009779243 2.0976969865829282 0.03357254550872889 
0.017975183675342694 0.015936771590206178 0.029481087480887323 0.15215933252357805 0.10627142281252952 0.0765029974055431 0.0775585928228959 5.390378854469593 0.1959824410425139 0.09463494300318126 
0.012911287009230407 0.017128934164561585 0.017994791577320788 1.7273454817301346 1.7282147690271985 0.21158835032556278 0.014400996830482477 0.017921981044748587 0.022531335033284947 2.5311630164938856 
0.015995677508403208 0.01518523937918101 0.01712487360059926 0.016726746698542502 0.01846175964420203 0.016477790094110357 0.01815132347868323 12.762113490776606 0.01762995553500398 2.6614112203028917 
0.025618168015225932 0.025532017508922235 1.2094126620274852 2.5005824820333853 0.04740071240910619 0.02579920580871942 0.028632448741906173 0.03208319937602949 0.026649361969104 0.1223284474495488 
0.04000371636562525 1.8630304959624262 0.02583441688318829 0.06936154704049129 0.07761498023852774 0.03701106732537797 0.03284006529041957 0.02556435176500251 0.20303585331038704 6.698433124766565 
0.01832268196216962 0.020353269738568457 0.018545721402241727 0.024530399089267917 0.03610106998396037 5.530494789419606 0.019760663841153193 0.19016649843311365 0.02535131167478977 4.207759525009986 
0.024329816848674912 0.8751384886504343 0.016693832989292383 0.03653465128553239 0.14989007325906853 1.3494367717097864 0.01714083092016559 0.023034879236368534 0.05714139490264476 12.671013080339753 
0.010619629609019635 0.014613044431774382 0.014621465136012696 0.012592907076498655 0.01979499343140963 0.013578615283119714 0.017018114587915783 10.029381326602858 0.23027160705958669 0.9469222389404186 
0.04951488121805682 0.04951668322277486 0.04984453568320595 0.05156729371574498 0.05073693543527384 0.05021934973516981 7.495917328560683 0.05732936031892258 1.3484436430371176 2.1673120942428836 
0.007448454173459642 0.006981808401347236 0.007107976675681504 0.19842089473083277 0.20166433929003078 6.087932204992251 0.00892036025334535 0.007089845426350552 0.012691975541740615 10.71835765777143 
0.014760676308198549 0.014760495344552012 0.014762791132104719 0.014762269683489506 0.014765026741422027 0.01476230746410387 6.084911580241846 2.3151545989194204 0.05363784110132261 0.02432111914922767 
0.014768080651217628 0.014298342607945578 0.017175939651462892 0.017167383774288923 0.016051311277764622 0.015524790193835607 0.016938902043973983 11.087398378046773 0.2208196780697699 2.4000495225629277 
0.013741891160778764 0.012327564206774971 0.03265789787512682 0.06118407246387127 0.06985120973252044 1.795781050336474 0.12972102497094307 0.15192840597165644 1.9450142750947501 2.7250808723673607 
0.008873090101370168 0.009994014830595963 0.01006078885058416 1.0195354159612513 1.2738715069580946 0.19163221381609188 0.009653950996883053 0.20001307282755595 0.34259619968650623 7.252021037953642 
0.0306271559844345 0.030324084267300825 2.123007673202161 0.06850574073423085 0.041436683335355565 0.03923753262077532 0.03210063774673225 1.0876122210909718 0.253835504685904 1.7484475675355844 
0.007569852717121155 0.0075476935434260406 0.007550307531521268 0.007579283367572069 0.007618947579084802 0.00762789998130083 4.347030460692285 1.1084067388319196 0.18144969021802354 4.591685950813795 
0.00863530506153295 0.00854363752661116 0.009875337035886422 0.00949055964811592 0.01214597148274408 0.027161049633831306 0.011193769197983233 0.011793664593548083 10.194389002262186 3.9909386960982776 
0.032606945607333904 0.03261156247600633 0.03278443135368323 1.4705257004382812 0.18204522626249842 0.18287756474643826 0.21092363166919215 0.041192846508583986 2.1106420434341406 2.772293588152701 
0.008548593237817518 0.008554298505301632 0.008778029559203591 0.00869953958446524 0.008816270012727912 0.00879280800982585 7.4929232105057615 0.015128356119030075 0.2173649373606819 4.615617422400864 
0.04987234274419597 0.05063379144089909 0.05013030418562714 0.051331272034913285 3.098253450014289 0.08479192213126258 0.05004413150875484 2.8942480068901197 0.08555826591202471 0.056204061935235305 
0.051303271455540235 0.034227400328253714 0.06746116692004983 0.10772601690866974 0.09715279154293585 3.119179147649602 0.009860109624129554 0.015528790220642867 0.1962739991164058 2.066208165936745 
0.006394620111435227 0.006394214648300557 0.0064014401879955145 0.006398161698091775 0.006411180757028439 0.006394331719176732 6.349163773500963 0.012325208647684282 2.6671991663383556 0.016408316386838023 
0.019317122543960816 0.01899610440177161 3.9891681519536415 0.0907704120193705 0.03973054006182332 0.03577732635622072 0.022373113456563162 0.025338340682382075 0.020206950756644762 1.986065920936196 
0.008852716039077979 0.009809049695196177 0.009177287386801751 0.010693726764680264 3.256412376599701 2.0425343374949816 0.008781642152710937 0.031843466652548 0.045103299515176484 0.01436701598423574 
0.053061695392460834 0.051265450447503136 0.039054475102178764 0.12036083896680748 0.10848896173794924 0.14577723026154116 2.7557649248569223 0.042009344573003066 0.23640890488823263 4.7548612187722075 
0.016573419687705163 0.01635983979690711 0.034470801591496666 0.05184188638374358 0.03970665201946317 0.04097629578431923 0.03925380683250565 6.928961683121008 0.24498393566835674 1.6865644254580283 
0.010224163038806865 0.012131143670405738 0.010870016564223643 0.013875153334696026 7.638074151880871 0.010466001574920197 0.010628945564362285 0.0324275166850695 0.04418785226625367 2.011312545161898 
0.008563976852726403 0.008913147164936982 0.009030941172784336 0.008937618064006 0.009003981533967498 0.009004118698042088 0.009059290515686038 8.706779983447538 1.4513203397800636 1.762429996585259 
0.026540676917697868 0.02635877220518148 0.02640631888035739 0.027443763936388938 0.03203635711830092 5.925426424936367 0.20371960957710405 0.24559829843514835 0.24979057620389983 1.8635840865088038 
0.011589928395049806 0.011790253007589218 0.012375328103108365 2.4846194189185815 0.012493741318200137 0.21245342968355227 1.686230670655904 0.02261395497712356 0.042089551952958805 0.025685914506888417 
0.009023013968716326 0.008573272463274807 0.010649753713713017 0.009100016061794489 0.016709942369173364 9.862675891553787 0.012123314352686616 0.010448074911437228 0.017353266577942013 1.7962922257304879 
0.009724007395309379 0.009946549658918603 0.02140000241767244 0.11519079966859062 0.21334404149546804 0.24593291596327788 0.052995508998290156 4.152548332199683 0.2140675333694366 1.7609939312547769 
0.009847169242328372 0.009617396855090426 2.88462077467407 0.06159180037634142 0.025688201450077077 0.0217987806910298 0.011795161656038777 0.014303495439434516 0.010494518015830992 4.1427608167519 
0.010308005662747774 0.010082919985849054 2.8264443164157305 0.06099719188168441 0.025262083156305515 0.13799406884586798 0.013001777698935764 0.26093735872909296 0.011258367962848015 8.088561425182261 
0.008101202779463846 0.008610292457310407 0.008273620557464464 0.009075875223827768 3.607044807213468 0.17717009151972476 0.009686491284951101 1.2627969380896438 0.1362316091262298 0.014168601734766735 
0.08691452176776834 0.009490570528270955 0.021753887034085873 0.03311047424830517 0.0447924540241851 0.07481698424594022 0.9012103399482159 0.12747389547239124 2.1595540176288197 15.223311023005088 
0.01366751372174139 0.01341247869109373 0.01475154062548972 4.171639943214038 0.5032265506789344 0.02630455342475435 0.014718194603210706 0.025449617504120003 0.04325297674742295 1.3115318358618842 
0.008199320432755739 0.008375813660634324 0.008259524395287017 0.008689955087624948 1.530990910710043 0.18538356747146897 3.754382400113394 0.0370088808826004 0.03995423101080251 0.04512820832621929 
0.00505637206310476 0.005129562342400133 0.005145910641034846 0.005079697094085949 0.005093295053355383 0.005117186075942579 7.740474085466451 1.2492578125799485 0.030814800451843337 0.0372171146085981 
0.029376809733024877 0.25881605793685103 1.076722111497133 0.26014526230159607 0.05609317402250824 0.04011936125803617 0.05651027602146562 0.2665429193649723 0.05339772878518787 6.861654507245198 
0.041992168872546455 0.04166620028510251 0.04347115574553314 0.043176946051622235 0.04256649182285333 5.297942098893364 0.04349022416192706 1.4916947738191266 0.04993423934388457 11.757770503594728 
0.015375110904871616 0.01704253157898542 0.026019134277823083 0.208585987266832 0.054921125376664146 0.10456226435449933 0.09607869485759883 0.7497760218605762 2.879307720147317 11.221567024505692 
0.008518897031313888 0.008753120545545277 0.008596142043489347 0.009111795553619401 1.823611586299581 0.008670053308901499 0.1310893303208184 0.015432239698163056 1.67441346067063 15.066221698464076 
0.006763131293509475 0.006781034016990483 0.007222546666437133 1.514009267554201 0.20210117966937988 0.011492987416825386 0.007210590490892149 0.14582609578781158 3.2833996765125333 1.131434096073805 
0.856357439570298 0.008715219886468688 0.008818291357624389 0.02532805924002904 0.02091174445653788 0.008895668603010998 0.02434032866982508 0.009932293561560399 1.299794406024503 8.789817242580396 
0.010205063235842787 0.04034224800853621 0.016609684485525786 0.024410114513973277 0.045134314329248484 0.04987616462911307 0.05009235853525457 0.2995562731881001 7.024300237850816 1.097420025738059 
0.008159842247527544 0.0077978884757955785 0.008007707351319266 0.009539839887487658 5.429115661782382 0.007846252104848813 0.28641035174367796 0.026791531069297932 0.04856672401435345 18.9850057431127 
0.018269435707732935 0.01697682564936278 0.05390279352450793 0.054674687232980836 0.055736538047346545 1.3866447246753828 0.9418949783891495 0.16501811949291254 0.1911669847241124 11.115891300394912 
0.019716978801763953 0.019183458969286502 0.022027757376463356 5.826709771118008 0.021349287392177063 0.033545649444369594 0.01997887912605318 0.06414248497656931 0.048321685353205635 1.680832139192781 
0.06744469787260854 0.011472012838140703 0.13774278743487844 0.1692546594351797 0.08209359077870665 0.1376729716678438 0.12146878012621277 0.11921104721785494 2.003236408103638 7.359101714460914 
0.02171452435181545 0.02628104559701276 0.017869155323869526 0.024444892519620287 0.1135158552283087 0.045471840685589425 0.040419691636136734 0.21247494761407448 8.509026386996974 0.04450608399092747 
0.00427984545443167 0.0042967949352000455 0.0043012194735140025 0.004298846247594179 0.004315470276902058 0.004299052444323597 7.194087385217779 0.1338239692263609 0.20162895519780683 8.874829265748795 
0.005708740961538977 0.005703319850783837 0.005733199276946666 0.7900138449310249 4.471778163819238 0.021084501891154128 0.006206026957817003 0.015385172133737005 0.03535154543577602 0.005681677092549554 
0.018059557338899187 0.024572018090312717 0.04363186390385028 0.04622469974791689 0.07588749193413566 0.09898020917166976 0.07531462463570987 1.2677658809405563 2.8781647958888397 4.0601420194218205 
0.00917931205593041 0.009217601418067425 0.009204339963658865 0.009874718467031163 5.712337534462209 0.009204143817323407 0.009963379577328126 0.02394600192197094 0.028422378609088056 4.191257273311792 
0.006231395726986601 0.006182266395684013 0.005880039403053073 0.007867579603252557 0.006408188055757377 6.628353823937057 0.7760546297860177 0.016119235619818758 0.016093496577226578 0.14444620092866656 
0.005407029186709589 0.00540751885776619 0.00545491910083332 0.005472677232771566 0.005491589815242921 0.005447954004737681 0.00588448848068954 6.417755019846968 3.191964549182803 1.1113767324950838 
0.006184361657467434 0.006202393647696262 0.006576007255314511 0.006379162345012104 0.0069495072947289935 0.006465920212791267 0.009084281913751647 8.47547278795514 0.1670616723305289 4.047427858129952 
0.04695621522974787 0.046955108424143 0.04695844716015345 1.688832924464609 2.6587028586959414 0.06145205943668351 0.04703691181604973 0.11576400047574928 0.07808411141975571 0.04695090205146174 
0.0055291107015782584 0.00630990091627628 0.005797754116108233 0.006211763877552151 3.9047246127105217 0.005474385898416988 0.47486255020501517 0.006541205864719216 0.024124630972441392 4.701515343929486 
0.020179066815728678 0.02116571416441376 0.05474717392288621 0.05234541779639891 0.04300478157244701 0.09870180721710406 0.16791611127662318 1.5095856802939818 0.14218868187087413 15.536233815838111 
0.027517415365256034 0.0416979826646483 0.032938962162340095 0.06672920407481832 0.11423922212265163 0.14920139340379213 0.18757489224714624 2.325513759134988 0.2505612475866624 12.19514435866197 
1.2270334667196787 0.00662812617425859 0.007696221384572299 0.03412385518549578 0.02365166939929697 0.019736817246712543 0.030494805208610497 0.04465848762494797 0.02902272506721365 1.703359864979805 
0.008714529410337719 0.008728597140253652 0.010047100843746479 0.010002389340561255 0.012526771164314814 0.01111540657118513 0.023977119589324053 7.4879297774475475 1.341350417640678 5.8080210231733185 
0.005907203130321885 0.005848077339598685 0.005892773348535933 1.2800406184254456 0.11803827956827219 0.11749176688783695 1.6930491213215089 0.2416039939298011 0.02982234788990127 11.233167639644732 
0.016724276648592204 0.020502392071204023 0.09624733139878508 0.028427135662761886 0.037920473305929694 0.09189602647001276 0.31791732229793135 0.07523213381160179 5.164398437152312 0.09985453036205082 
0.01899503586178805 0.02216453856645923 0.0544062019829295 1.28873720701655 0.12205819622591078 0.11427681526285195 0.2080785547592425 0.19576469743132902 0.25116557956591906 3.333426531632512 
0.0047878093731883505 0.00479973602940166 0.004799446890539785 6.3232773608727415 0.004838706819466653 0.019370407263127172 0.00483316181931729 0.013060064522856248 0.031408848715205974 6.5786543238267985 
0.02018068765569679 0.02017598919548668 0.020190162342268864 6.990051778207877 0.020194912244403142 0.03629043919259853 0.02018877051999327 0.034166873508417225 0.020546526357266153 0.020090250510278792 
0.0061376784545578884 0.00614106131944782 0.006236411196237611 0.0061698515070289315 2.4129493759895917 0.09805455243005948 0.17356437117781348 0.18888544589066916 2.1743527549409647 0.02945122666189497 
0.005552409985649667 0.005572512841789586 0.005605584750997193 0.005645084995228526 3.3693085902988984 0.08343144730873023 1.0719768047245608 0.24174187929974522 0.030181847823331668 1.1769294905649275 
0.013215522304692182 0.812440707569357 0.006178930232804278 0.0224288124810166 1.3127106303483183 0.027277201378738153 0.052911438717272836 0.02970597341663702 0.021504725245504428 16.26436766699255 
0.005022107755183991 0.005024724911878701 0.005041254238643877 0.005059662599536496 6.757825958309964 0.005085571450150555 0.005947252576584771 0.02221208084194476 0.28687366201325726 11.910580435566475 
0.02596049719792227 0.025697227306568933 0.04969509664713824 0.051990148680311654 0.08309814028026798 0.10486179873843803 0.12896923142293873 1.419752584230886 0.9559813197174986 8.263897344915215 
0.006269338492244639 0.006639055050127567 0.00504348648796917 0.008140782130544774 0.005708918609062822 0.0061313118999715335 0.007227684407985277 0.007670698876903693 14.852453184797415 1.7049515578425403 
0.010881528840108474 0.010965035330764948 0.01073718550146354 0.011888456841427295 0.011761320412370038 8.24709406529954 0.01152113037649224 0.018810341044151288 0.3672342131852926 1.9275721091812765 
0.04332930849628395 0.025266230098568376 0.025546159385942797 1.353141513391712 0.1449413408723113 0.23920045479301047 0.008805175657125743 0.1910351310887919 0.2339988478782946 5.7242800189423475 
0.0058108832208892125 0.005827521523670396 1.0389964379932233 1.0196760456102272 0.020847925631136924 0.014734898138859307 0.2081839296071353 0.04550052730459481 0.17988903137161316 10.716936616115653 
0.02641778776824709 0.026414126672278212 0.02669345265828743 0.026538844260914685 0.02729188527140617 2.220018498244304 0.24147335452092644 1.8760897630535491 0.032957624349373583 4.006494247670788 
0.0049886961358768 0.00498870088300703 0.004989028084499359 0.004993761178815547 0.004991588737861385 0.004990224205155346 0.004990376889589712 10.951781194688447 0.005140278876458494 4.014991161805407 
0.024036917608112128 0.024039097134437283 0.024044681693467455 0.024016401827761994 1.8819695384946356 0.024048534666026737 1.9729767433955065 1.3201468956831937 0.051768418955333184 0.0287689061273144 
0.04863762156954228 0.04863584654898142 0.050097909550729264 0.04915120594939542 0.05124350033062406 4.360256190383672 0.04870667913883964 2.973528955399012 0.05912593692623412 0.052299906857813376 
0.0038614925851298766 0.00391100335418853 0.0038813279942293078 0.0038900331134256875 4.820359675399863 0.004083140870805115 0.1926731570602156 0.19228241883547095 0.21303973359235664 14.598417122901365 
0.004482723690458951 0.004501646110871766 0.004940335994856962 0.004598573280983474 0.004543570392296639 0.004600144065942097 10.471099026371775 0.1250244089545281 0.019895835656678205 9.611056326519854 
0.44938674222151836 0.005459920346031883 0.005942441292238472 0.013564112713121261 0.009626336022278397 0.006035785009696849 3.4207905567556494 0.044295710424474125 0.028827437038196603 0.007890983785285669 
0.010237562696342066 0.08483462935749068 0.18840699782335743 0.20821029552970488 0.08805806540339199 0.15319502891117462 0.1251795515768875 0.16272534180229273 1.2720016437249588 10.440956487555251 
0.099253699199909 0.09925806283030342 0.09926973494218075 0.09928428453173259 5.4365317730642415 0.09930476235397835 0.09998581738040482 1.4211937981879026 0.12695831977985447 0.10550998382066315 
0.01648734807352929 0.019237630186837 0.39907588349668377 0.05059524440712841 0.0799925839193859 0.08891718263321424 0.14128168453461343 2.016277008056207 0.1983349897025088 13.955558411437837 
0.006221039587570854 0.006217404845511081 0.00622510096597885 3.3965015484723065 0.006227411410894592 1.4900532278793603 0.006278338740171356 0.014823987398768465 0.033883683212697295 1.2018386661339449 
0.011877749507256813 0.013592207419534465 0.03884612513756605 0.040425570263156636 0.10200248071894534 0.06195545083204932 1.5006186536046582 0.12547396255433232 1.0546660258634342 12.398743092949204 
0.005311837320157271 0.005350434767217735 0.005317062060101385 4.75437222485265 0.005390404177519152 0.016538169237542172 0.005469791607468697 0.011534296150275274 0.018125988632650913 3.9818407932906577 
0.005932193697737512 0.005953259229122894 0.006265144384191931 0.006646312804563127 0.006623807091625718 2.6685007973025052 0.13620710750874027 1.0634829096359248 1.346629765090081 1.5934669813462623 
1.0192074286747976 0.004865567386322119 0.006784683125521152 0.023540221130765142 0.018652894453304283 0.006208599054162286 0.25028186846004485 0.04278297569351783 0.026159551940846654 12.306624824361625 
0.009414147393268936 0.009412768954885667 0.009494393014467693 3.2332848669033027 1.2615398798312392 0.02492267019047291 0.009404124666873683 0.019537605003884836 0.037710927721083254 0.009398227098723755 
0.00500120504407697 0.005061489123117074 0.006589610716624863 0.005796085873749866 0.00740772068999635 8.065713575904164 0.004903041285008625 0.009924040601340459 0.01664871423877603 14.859545305580566 
0.35410007759325035 0.005170488893411605 0.005830657117855675 0.011594495925797345 2.7370541558874764 0.007561836634613746 0.03084672982991684 0.04676059657397596 0.028542365161617067 0.007605911908706136 
0.0031244579737610633 0.0031237691909696465 0.0031278694644774076 0.003127677302644253 0.003136588020422932 0.0031299371299362702 0.00314149224381466 0.003266147051785475 12.414889545678479 4.001950948092691 
0.004423232714320359 0.004424744857333083 0.004423748435908978 5.950615512564619 0.004599559983093164 0.019376420782508185 0.00452322959660167 0.012167473283256592 0.02323375462568786 18.858676953773568 
0.009533011543281249 0.00846694821719 0.017118127349923504 0.02026375128683453 0.8090025298082557 0.05093053839035528 0.11823857092743704 0.7964687905572576 2.1441692281580864 9.353668700575183 
0.007087731013865353 0.004513695593051354 0.05945362781615355 0.022390885677122965 0.11409521451117144 0.029306230992484954 4.846059624349132 0.21319073907801528 0.22624467764104517 1.4700213233891206 
0.02501585086861751 0.03110226672108788 0.052884945442220006 0.008504996774047886 0.0649009474847391 0.07056989285882376 1.366253216773173 2.9622178291135883 0.027335358174883813 0.008178274560422876 
0.004533870933061564 0.0045864500325045335 0.004792665741972925 0.004821168154621077 0.0051331271838553705 0.004863563378128835 3.066490407084034 2.1293174733472426 1.264592282376001 0.045293291317394985 
0.004155656604467431 0.004002112309706129 0.004277984701835269 0.005523791567103081 0.007749003658592064 0.004837788125032163 12.25682647156049 0.004086114117757539 0.009838217125736848 1.9009261372384452 
0.003332290741561529 0.0033384693251508582 0.0033636116541063727 0.0033546848673879906 0.0033480571090224575 0.0033706761609577193 13.393527825181051 0.0034185406159089604 0.009337571615861193 0.005184337777738241 
0.010884590196154722 0.010874727908218855 0.011955046243590776 0.01115486287644798 0.011792393541761802 5.575323642550585 0.010825512751266636 0.014818510480166674 2.2367429801313055 0.013745788929108754 
0.029276639322629673 0.028118191842696327 0.054777029746932736 0.051282820986993514 0.16692871786369187 0.09407180305578407 0.8796170489797928 1.083753318036718 0.23119222643757475 10.778344252634819 
0.0037246451128234064 0.003724878158250899 0.0037744688847161268 0.0038118337975648407 0.003735120747864175 5.426508261299883 0.09605180879797681 1.1275974494156138 0.10685135753643943 0.05101937657760571 
0.012276191320598763 0.013096980913270646 0.0374455761464225 0.05172801444270977 0.0494683778506708 0.08820367772197506 1.4378854928147276 0.23329144391475173 1.9655061210763671 9.388522964064173 
0.016746378919549915 0.020556003691660163 0.03939431472145199 0.4703295435560631 0.05608231428755952 0.0930944968857203 0.8778651007283612 1.0448624956194468 0.13923099630089014 12.782497274215645 
0.012857398825801756 0.010853929750640316 0.008920057709065076 0.023243794118886094 1.128554826673344 0.06606048276980556 1.8266939432459368 0.1692665406544836 0.16791380884660184 11.271265617303941 
0.003944860858882964 0.003960404402036184 0.004034799645059665 0.00401714565908103 0.00399419865034276 0.004064911133807172 10.389354200992184 0.288782537682296 0.012280447603288926 1.3099810765588313 
0.025435402250453536 0.026475446592587083 0.05775339332113979 0.07603100557261387 0.37718174817826583 0.2015409921079906 1.8298451934311462 0.19666587482813735 0.24203006681864517 8.500487482034078 
0.0035068730838285185 0.003568159236572221 0.005349559421832998 0.0039976000274686025 0.004620801863726622 9.713680908821575 0.003435610459659767 0.010381073048576906 0.013131344956222762 8.235108387237208 
0.003619816028368915 0.003625667076779018 0.003658758602405793 0.003684235524000454 1.5967281734727634 0.0996133884100435 1.1556420348922234 1.9713099096364077 0.0037711942669340264 1.443861377914923 
0.021627241316454687 0.021135856543279756 0.06693285031519632 0.07299002150279037 0.5163287524862514 0.02827726400052963 1.6098458972106506 0.18716513863430237 0.287278752747589 6.770781967781965 
0.007835196556612368 0.04529938370050229 0.06959612300366862 0.6809200876972145 0.1190320654520505 1.7925084136486396 0.0032767336931088533 0.012489564382355368 0.19919431499456303 5.544917700127899 
0.008724132665404389 0.008938381905075659 0.009520079016537664 0.008971857791213662 0.009212892791475559 4.560726127486131 2.321284716115464 0.015604836404426666 0.0191884254384631 0.010652312536608775 
0.0032630959367389504 0.0032627907595252346 0.0032667016902125936 0.0032648444171546292 0.0032632948947979067 0.0032638690166026697 0.003265686122022977 0.0032647970398371026 17.462445911012296 1.5906034781187288 
0.00623880860024839 0.0062419668963044845 0.006567425704962522 0.006323962211006252 0.006508869540023708 2.6549138772989482 1.2017074736336109 1.6062453226052893 0.016432593279875105 1.4475382787336324 
0.004724705820598668 0.004729403606533951 1.5857943719608383 0.017686923050813628 0.009150272757334203 0.2735542224054167 0.00889774324233946 0.2376362536017445 1.3521103824559073 1.329262453133707 
0.015401868321947653 1.3344101548105136 0.003953784020512441 0.02505484267564382 0.030970958001119507 0.012104194062165395 0.035936308683810654 0.021374999167028723 1.3522637853505381 0.040280961037892825 
0.0025049902980919816 0.0025132807012510938 0.002515331235450546 2.895176275258587 0.0027766120703691657 0.00657183031406211 0.18335240922124849 0.008256975016571601 2.240791273664782 0.004279993852533183 
0.003362700259790815 0.003377943352491056 0.003481600150919393 3.3693055465643797 0.003420631518115432 0.010667708344715237 0.0033606418334314785 2.239064840261417 0.02709640960770891 0.005749167683154018 
0.0027692467923696048 0.0027688842583013917 0.002773611431769291 0.0027698004397829746 0.0027693214796693194 0.0027699546205944645 0.002770709563718075 0.002771090794326476 17.92075819140799 0.003018019547065481 
0.0044204827497079146 0.004423215249953773 0.004446468627756262 0.004427652044117071 7.50887223828457 0.006576747557826284 0.0045124427441419306 0.01497971828059724 0.004422786457349496 17.82691877568104 
0.0030615274116162464 0.003069108997067957 0.003062439763869708 0.003065496530302595 4.721791890458895 1.5848481312419713 0.0030606203932528305 0.014605478448177068 0.0030762540850983607 0.006310248681029806 
0.003365379865473663 0.003365448382362205 0.0033654181952154152 2.212933198343356 1.0251530118267278 0.014504394573682845 0.003423929056339922 0.21938201153393413 0.2969073867815803 1.2339038640323876 
0.011287589086184732 0.004285599675840155 0.017345073791741775 0.02479006520135686 0.012877987005434905 0.010664042525355352 0.07042863832586277 0.019718264325858076 0.03093190442656187 18.74895428186476 
0.010281292047189767 0.009759806893418117 0.13179370907641802 0.07406812189920274 0.1062075619831336 0.1318204652437106 0.10766006026910341 0.8812559878307817 1.913322946238071 13.522362199609919 
0.017024494129467015 0.017031971255344166 0.01748464912028352 0.017091042774781254 0.017195621852235554 0.017180169377380143 9.15072992088551 0.24903726561172393 0.26284536705214895 0.05527323876301854 
0.0064307980708055955 0.029913060721139705 0.05246034407156108 0.018843044510221 1.7845755295037264 0.10149959046562423 0.08669352739248287 0.07481417378116768 0.18175274043830725 3.980728330930161 
0.012776099252283242 0.016366226017114915 0.050630984430490036 0.08556156766849352 0.12167617677695985 1.8317605214680723 0.23179332320910817 0.25509764041470745 0.16181612573499915 15.62788645274884 
0.019357570631041522 2.1238550073373097 0.00798411199152494 0.037560656947444884 0.04820001583571691 0.01773660717515508 0.005772218722337411 0.03005253910419297 0.021308573948153484 1.5944255174960373 
0.003416172643681483 0.003446818147555087 0.004012945200187062 1.7163663039777166 0.22522141514160537 0.11222548062026536 0.17606875146362794 1.3352474725491084 0.025381955551230607 0.0058554113631280585 
0.0035937115910988195 0.0036135052760180365 0.003694736325037866 0.0038583495238129935 0.0041974157278435245 0.004219817731537324 0.004140793488627531 7.951679909135175 2.0577810988719634 0.01350502452323184 
0.01280476303331159 1.0899846694574196 0.0053894169728013145 0.024714159573058798 0.0262416695362804 0.41633775329915773 0.005412207280187014 0.024515461935460697 0.017147427755156527 4.030518348802458 
0.010804526320397788 0.02244733558921717 0.03705449724433164 0.044440688953384454 0.25444089964571814 0.1356498919603683 0.06848927485445164 1.7674460639725398 1.333749230399831 3.0411517414963996 
0.0040395739842732275 0.004129504230908752 1.9274288313746226 0.0037776727958782584 1.5209877801184748 0.024263480189448194 0.015297309932201662 0.019224036260120304 0.03066647324226549 0.010276009927796296 
0.003017617417447576 0.0030785529172159933 0.0030387522109093065 4.057116396243195 0.0030815078352545936 0.0031240473534436693 0.0030135398494743598 0.14400567192822356 1.2985135466917987 0.045635122494020915 
0.07407100391995627 0.010119906724828204 0.027764985254679818 0.053578350795584664 0.728568313216206 0.1011919333702089 0.13456368940262975 0.12144896374960557 1.1633263814473633 12.279552713688927 
0.004181213378040618 0.004182378301384757 0.004183856923308186 0.004185211321444108 1.920362750121948 3.039960587811332 0.005678590711582016 0.4250920155049259 0.004184342412224802 0.014155647186597958 
0.023030020382589975 0.02303062714063608 0.02303895252288939 0.023033766028208554 2.056805423992882 0.7699742845823878 0.10576317408321675 1.2178541871212907 0.21246119550297052 0.05252871622121255 
0.019034783012867238 0.019043328880031556 0.01904021781863793 2.5408546222813104 0.020014731687678405 0.3412299245049977 0.019399095173859668 1.7441090809911755 0.03981412662926073 1.432379383173746 
0.04277200367540951 0.040744365417149125 0.033176725936144416 0.09583139112323136 0.13152304610815227 0.15197957337283713 1.5373430960830312 0.22373928708596758 0.20870789015603214 15.669312673874575 
0.015220652586775213 2.4619108995524455 0.0041388335248148545 0.044831452984058405 0.04941999153443562 0.004031220823613777 0.004434047421531983 0.030539926507099677 0.017498970559434626 0.0227447857966228 
0.03357078014672505 0.24102960828038983 0.10461599178623383 1.1090982462067458 0.004139584249185322 0.013710761027679805 0.19199620801430262 0.010022887208598327 0.02222933010026939 17.35513534771221 
0.003919959347107876 0.003970780470610654 0.004976015201953187 0.004346053509041444 0.007073098389951326 8.777489429538303 0.004069067715827683 0.26040822549780185 0.01385888255017989 0.006569088816524428 
0.012006917467370894 0.01542131735060961 0.03032963314448446 0.0320231820630233 0.541205070959478 0.05901330815411336 0.07680566759754937 1.5260619594718015 0.20168547735376685 3.990662626969078 
0.01445028374898165 0.013926054138633912 2.880296822684275 0.013866938564143541 0.020073127533657288 0.027269700699690022 0.023154982263584662 0.02221197271587462 1.3749692428955544 0.02030511193949468 
0.015226698624187376 0.015190627316986347 0.0162648992228782 0.015625529585746388 0.016802096453679458 7.182449907307753 0.015333377792424581 0.020315526230859773 0.02241627832265679 4.010480693567935 
0.0036090168794785334 0.003611403213629777 0.0038573122278988095 0.0036309127808606275 0.003736885507297692 10.88980870919611 0.003716868557766347 0.011095772310523498 0.015606131658129675 0.006552944980340291 
0.0029456785099523848 0.0029502058874067067 0.0029563214338298796 0.0029582775185630523 7.188249984748227 0.32555269073217963 0.004644581699694519 0.013528242351635458 0.0029483535567397514 0.012874188486984487 
0.0034718210247468018 0.0035020226776167605 0.003482145749678477 2.0077410926095602 0.0035033965001369646 3.355904783785591 0.003467918342534663 0.01233347469214174 0.02995622430906827 0.005856270328623296 
0.03305004014304288 0.03298353558551369 0.04431167297502953 0.05021841650620197 0.34116055133092743 3.222103552078526 0.14249984423112558 0.2694511946465336 0.2194097219250286 0.057847452908212596 
0.02681151878631161 0.05090571901649275 0.0736282735933562 0.6301321613895812 0.7839252633984991 0.2161573825970748 0.13989130876968442 0.17318102901248367 0.19498641837189024 8.652667823296504 
0.04931610210612787 0.05054397170333335 1.1358353633503075 0.014211180874445438 0.16264800821121786 0.17887277514416292 0.021028717902659384 0.0221305033965185 0.030936173363492567 3.992831517769964 
0.003466130793844992 0.0035104917725132935 0.0034886897372721653 4.820619582690325 0.003614720179310491 0.5939979164347847 0.0034112287954343704 0.012184873440382151 0.026031020525262977 0.005799579190666244 
0.02858887828302925 0.028592830263346882 0.028619184661747683 0.028611422653613428 0.02860489269037782 0.028590588227439213 11.58979506978646 0.17250272933226496 0.036547424550926605 0.0346807036571165 
0.011432362506588908 0.09159409006387895 0.0347656672388426 0.02942077412497848 0.10931965334107449 0.16473895989143175 2.6478055121302235 0.15174764120599035 0.2580420070762072 1.44132825957073 
1.376513718176218 0.0057241608841808915 0.008317668965556092 0.030961234612371283 0.02199235623288568 0.01981150036679924 0.005898919563510136 0.04776131525028935 0.01995587399544045 0.006086480310242491 
0.006242868838963783 0.006242890725273511 0.006242969199866149 0.6822167406698968 0.15049217648493218 1.3942530872738517 1.7652089951625338 0.018056915181897944 0.02928278705694651 0.015841864005454783 
0.00823658725648577 0.010780081787884711 0.021048864384880395 0.027069540669176752 1.0655081970302174 0.09974868943022368 0.10559335221267534 1.03440183057046 1.3796862114041186 0.03348359956979795 
0.004498205340718312 0.0037468094838658244 4.6173103001314555 0.003575897426201572 0.013599759654427768 0.005445184853785821 0.030703593434491312 0.007685729724827424 0.030433819450409405 0.006752243721744169 
0.003034520397692054 0.0030380420010817665 0.0030571891245215455 0.0030478397076245042 0.0030459052747484846 0.003064814707846836 10.961780267609853 0.0034977048562204504 0.2077388271840092 5.513729411870084 
0.015261709728765248 0.017658940945961737 0.009263970283854832 0.0432294025844851 0.05225393720893429 0.06788662512426574 0.08452162190936746 3.7623152069720227 1.289065325269453 0.04462250122448393 
0.035320963250775717 0.036636540592561814 0.1024434033443109 0.03521685386435383 0.08566571642734078 0.13324098686890554 1.9687959479396973 1.2079025803167818 0.23189666364654685 0.06166079243883273 
0.004265017911167355 0.00485869615770685 0.007976776553216863 0.007249762217598095 0.005790155769658448 0.008800249096134975 0.08626283554313259 0.01132259114024909 0.0172363570510121 16.21998067662193 
0.009414835056685455 1.1717926136309087 0.004150065542122666 0.023482384649562753 1.6022675132660846 0.0041595895911535445 0.00459107154555277 0.03222551950624948 0.017627155820694348 0.023428770068460347 
0.003380324659628581 0.0033821308513969726 0.0036131879216636585 0.0033959090903649763 0.003960914760477159 0.004984965112100188 0.00350379134699491 12.977625932889696 0.21645068313306812 0.004911587869585437 
0.01819132403341796 0.01878403162575129 0.1337939178904981 0.062179984381319914 0.140790232398371 0.08962571500389103 1.9536949439789586 0.17186316956874656 1.3970184328190607 0.05583822160461075 
0.02406585210389221 0.03840226736872216 0.09478514982091309 0.07997577557379207 0.03760996752197323 0.2007726543239252 0.055915596990861856 2.6258616914107855 0.40169387605284834 1.6726044879852426 
0.009424180417844904 0.010203381698218758 0.023688893705143196 0.03575408537147362 1.780960621202845 0.07692431667900787 1.202587452844594 0.09559098143444963 0.2908091190131671 1.2253491523325561 
0.0033557171327446983 0.0033655638081787234 0.003415254403825625 0.0033966870510464477 0.003970606653047992 0.005049699785142328 0.003540577395906504 14.880882254000527 0.0036453185140193373 1.446453353686208 
0.0057142526291627995 0.34282386871779785 0.004187378610608872 0.010943695448352313 1.3458939629254665 1.709399494631572 0.004937108750420633 0.03115806383575171 0.009893460414325757 0.023051645743408976 
0.003040062143371376 0.003047263969459461 0.003056632092868532 0.003049233097352095 9.325698792759068 0.005062298578834565 0.0033303418637580496 0.01362247953424903 0.003042436982810035 0.012743011517349988 
0.0188653973747402 0.024169259915769 0.0534472197554904 0.09674983034061452 0.05829041848342157 0.14157325604771262 0.07676816002356653 0.11996962861296222 1.945667143016643 3.9853778851178188 
0.00887742249922297 0.04474274120975229 0.043372969267054674 0.07920830489934244 0.05276898811580598 0.1115697194872233 0.13991120993210096 2.2541402836465227 1.2895640409133742 0.04512121686840504 
0.10947710527286661 0.6995118896914495 0.2945989545385551 0.24468693196963887 0.053035408103102824 0.05965174191991937 0.05195875965544027 0.2546166508907785 0.2418506103239177 0.06509469699870361 
0.0028445442429007703 0.002844515131038814 0.0028540306709286313 0.0028456947457130622 0.002846056464732342 0.0028464392256479965 7.275689816946014 0.15240052923693478 1.2667373267887552 0.033812775339685436 
0.02243415525852997 0.023537975372868798 0.03559351546543658 0.05152165695559315 0.3992791566731554 1.271687271354581 0.1511978745334931 0.17293867115869904 0.1937033337400501 3.996385273035426 
0.01684388509624257 0.02256158109361975 0.05765871239974267 0.9522748047517436 0.09934934664466213 0.115173574200168 0.15666850321160414 0.16818441170854329 1.1490297288495155 0.013548271290357395 
0.0030209497563646274 0.0030239831423513963 0.0030443368525650345 0.0035099774273075488 0.003964625344980245 0.0039328753474011215 0.0032240169784634744 15.235743488795537 0.0033443586115002766 0.00458136501455847 
0.025669329581087225 0.025308339262229123 2.2417855002321594 0.0252262286175799 0.02523966357415517 0.14603778703678483 0.03969446338074058 1.12178681589416 0.2147341271449985 0.028248269609913522 
0.011057979988464157 0.013654207465531986 0.40769002886875166 0.07023980641216462 0.09857358219810163 1.5114841267492225 0.1195928997366557 0.16992984553326704 0.2583349539745481 0.01934959411347374 
0.002990828140281267 0.0029940538995964256 0.0029982499619537716 0.002994665737932002 4.123514350410154 0.003898816362584307 2.3211495718756248 0.013573181707300992 0.0029936957336437605 0.013513676786712427 
0.02985660489285273 0.14134837664582256 0.09428634532041909 0.06011257780231316 0.10679702631045321 0.08221468080690501 0.7136335934419549 0.15897263872948342 1.2635541187391104 1.1765785618042524 
0.007876176228751005 0.039440520940170004 0.07161768379916156 0.11157527170367784 0.006812897718595591 1.5799310765688017 0.12300865630379333 0.1647988819612436 1.3855739602792516 1.170246618773586 
0.013350163117248943 0.017670361314398444 0.15270859244094667 0.07435064744455323 0.7273670005832559 0.10308041521848456 0.13934524054363367 1.2644925330717816 0.1937605704309723 5.938740043323581 
0.07546028922771164 0.012610283039374424 0.032184920922731536 0.6888547988481076 0.11520098218442693 0.3430859540945933 0.1677304467321175 0.2195839145245822 0.3304646334103368 1.9227527017866104 
0.002255119621318927 0.002236630079597667 0.002381949641743554 5.009462156620152 0.0023222590090125014 0.22259314488053952 0.002293355970985285 0.009204147284024196 0.23367886172991487 0.004621459887464311 
0.002556534770427195 0.002560241776194963 0.002591960199446147 0.002575978672751612 0.0025716600279542005 0.0025945170386519555 13.251142296255216 0.0031178599284758927 0.010506154172036345 0.028803336683330544 
0.07107948969802132 0.09823498422278094 0.2777245871582793 0.22187197352163776 0.17351373027892536 0.33289767197827724 0.4630395483199368 0.002383549657717954 0.009736577008398554 0.0023280635810059543 
0.002235800510677555 0.002242882542636686 0.0022521928127694968 0.0022442717038092964 9.108562737486263 0.004242437993306097 0.0025193653551471846 0.029689857155354497 0.0022381744732422847 0.01216400940348702 
1.0303477812681885 0.0070871418924992715 0.008272185645267282 0.02743344809944706 0.022025836106279124 0.023954787285333932 0.04816545062021219 0.04726148615145184 0.022722533658458246 19.933118007839457 
0.00503475656077612 0.005025629547525556 0.0050454841440371895 0.005401722766221831 0.006313375201727263 0.005212295381827353 0.005290056886972213 0.005237474151215911 11.673797620123091 4.262680464240244 
0.06216597158882113 0.06280132667665142 0.0654565762017954 3.366870398096823 0.21059519036597196 0.061899280735923864 0.06309243563321065 0.39094470680077853 0.38592407970063264 3.313375775204668 
0.010097658242572569 0.009962156773853446 0.012009621529281577 0.013222528581865043 6.945111726345343 0.010313882628876541 0.010917052178481297 0.03503707741397552 0.14375475416118044 3.7873742158583004 
0.026000083826474615 0.02608137926822935 0.02587816897466572 0.02679690656298853 0.02761243562715344 4.228634299531199 0.026218112504757852 3.0787576830868715 0.032634124011919466 0.05902980815536379 
0.014406495284630347 1.7930936385184302 0.0035803147597365317 0.02270811229296307 0.03818231045995683 0.1271571925066789 0.052213913677060596 0.028496870199713302 0.017615548412946803 7.181974201082614 
0.010370676294873636 0.010134989883827248 0.010451762759498622 0.010824537123880677 0.011634782853739648 0.012414615490143086 0.022188122348362486 6.9802758431416 2.2942527358157396 0.03423744927387613 
0.04016519569186052 0.04146723843101032 0.040149507519106904 0.043950950359275105 0.040571599171674494 0.04045022066268722 0.04029293039051117 4.63636557038902 0.31309612512577195 9.197404616127178 
0.9037844777075558 0.04771839215632603 0.049338053102280656 0.0581876900363916 0.05637534345036779 0.04883703687924136 0.37860727554375573 0.5673055633238538 0.07107059323719409 0.04810433307156154 
0.7071561111285078 0.030279543069254247 0.03087376225668219 0.06988784306285153 0.057265094073423894 0.03758650371767914 0.034901903466927765 0.3395605294086767 0.04830027418887188 4.594075455397377 
0.05355078120568406 0.05123601492153184 0.006362573462646532 0.08420153257836625 0.12245477873972925 0.008776201973828614 2.631566194939741 0.03965605054416103 0.2033428751791555 16.66476366101303 
0.03929434240135132 0.03948320645585278 0.0391846043254364 0.04250933216153235 0.04203837954626991 0.03921171020074136 8.461427676290118 0.6712634234050379 0.039787149250099726 8.27167475084042 
0.03656417137417838 2.3048448264027614 0.016238136846922935 0.03027649599017029 0.07854005159352914 0.028500155648852797 0.018570963419878163 0.025606975976396322 0.044120967933794365 0.11933554276466504 
0.004161667337866185 0.004198565096982868 0.005231735114021445 0.004562957649806924 0.004248869627288642 0.0046709595546260835 0.004920285841209426 0.010908483102469179 16.324997130184947 0.024174285186589914 
0.015411116313211772 0.01525262657846152 1.1282924673661092 0.022863771869162268 2.5037110500769417 0.03467276567740924 0.02074685787420861 0.06197361401716131 0.044849670288977246 0.20039365532235018 
0.007194013672239141 0.007166594057930069 0.00733079786669715 0.00745051647728381 0.009159225466384919 0.007578018297171018 0.007616439657657223 10.531058634980985 0.8144416860196461 0.027745636772105852 
0.004928645278515842 0.0045721216122357085 0.0047173553024858995 0.004988174275708869 0.007363970243646311 7.601661449290911 0.004603907045385391 0.2407179052427644 0.2324541916902718 0.006295802813307839 
0.04300627978730833 0.042248355898989245 1.310485516298218 0.10982238802516017 0.07320478020874108 0.1221297049960837 0.4859247352915505 0.33034426130891503 0.25196292831047973 7.930636318046559 
0.007187064538458986 0.006011386155515476 0.008733022823741925 0.009603007596873252 0.008141625818663338 0.009302564110951778 0.008723160681756565 0.00880607513643748 15.200980586581514 0.01581271789975651 
0.050205248472543554 0.053451231395240814 0.05016581065187693 0.052075510380041726 3.291282061092281 0.0502153854799264 0.05363697119304223 3.511783849618917 0.050167950714367505 0.05273173712700071 
0.004326177088010241 0.004365487824619859 3.830887929468075 0.004090269342993265 0.012183953491921593 0.023633956462194388 0.013912047021832795 0.01504259395615075 0.23756292454756997 0.29151919735422427 
0.8295939578908706 0.004552586128053391 0.3500567870546167 0.02898024639178977 0.020467005015293645 0.006333987001237777 0.026387081319651645 0.04612724518971275 0.02790621098300814 0.004939950817375598 
0.04771994976487661 0.0477210627832813 0.047744405404412826 0.04771994172135111 0.0477387939453795 0.06228010893350695 0.054290666648724624 5.823160139105423 3.4766605142426332 0.11122610542432447 
0.009017570215094532 0.009053764924803821 0.01172171120154576 0.01036162100622935 0.011000659936992577 0.011623863689101628 0.010830754573100732 14.19930453869493 0.010024439542169729 0.019255435651183837 
0.17631391731594365 1.0735316323113668 0.03707248625390239 0.05546497920565959 0.04893842229082962 0.35616793380143236 0.06257653207721972 0.0783849918896582 0.06672687408789651 0.03747968032731813 
0.5112287001397907 0.007425200372569768 0.3841931447691646 0.026289635302945775 0.17050999773959216 0.01943965699350102 0.03665689934907539 0.049184484642537794 0.03172647875111737 10.03255021249767 
0.003971782142576996 0.0040247914284694325 0.003990485808505581 2.2987196898058397 2.1594034460347404 0.022733423551600018 0.003963182458523745 0.013096080255419577 0.02658279020971545 0.006461284576159391 
0.010098039795676092 0.010095879503819644 0.010079384479309412 2.7439145993218337 0.010517640145525748 2.556794979826049 0.010388054972230642 0.018301326684059413 0.010273307426231757 0.010069574708934347 
0.015865776065963146 0.01597560803268942 0.015908771298836694 0.01588443507894623 0.015914212896995964 0.016034871930419588 4.925300784594455 0.12568369900485873 3.0744492294863437 0.0742617100410326 
0.025650924577774143 0.02565259817804752 0.05363225139537206 0.026766870510325 0.04109601600777945 0.08797808865470731 0.0387497666716519 0.04258570841442314 12.560520659881723 0.10091196376543221 
0.0873786596293329 0.08737896738040109 0.10278871566066519 0.08750662571453376 0.10999839583657993 0.4599986477379325 0.10140308319619305 0.14370432377183912 9.954999268895369 0.7264277977119245 
0.0035464463706847693 0.0035578095022924814 0.004728767262422381 0.006941009838910937 0.007658022339027668 9.107393154277503 0.0036814633203928857 0.010554339211679243 0.16193024594548003 0.009552837684079898 
0.0321695273458427 0.03211445526751999 0.03223885760118163 0.03319488644543614 0.033958416708079975 0.041646386820068694 0.06320197260282887 8.995259420847457 0.07412685314814567 5.700261788491756 
0.0058644891560148075 0.005970327052204053 4.045316803796048 0.032093615801503696 0.01687143167658426 0.029804211358427632 0.008907717141862375 0.05027114632517139 0.03274088970449817 0.015232461700495218 
0.027612716643255757 0.006655137685448434 0.04384729879571737 0.1992273054736899 0.04266769381076741 0.33090374129180805 0.05331183387231505 0.09644223365018385 3.9145959733103504 1.5754764361096285 
0.02122584541620295 0.02577903991831362 0.0348894821185118 0.03474681162560439 0.0704469042174606 0.07753242102104332 0.06666220027185438 0.11602959997202102 5.922770175601765 1.7545131072012223 
0.0034618834393472745 0.0034781018950283973 0.0050988912426161315 0.0038820362258749803 0.004866589300822786 7.099788073013993 0.6925459002021824 0.010902157714306417 0.009579811602352372 0.0062801735324707775 
0.02399803041580856 0.026246371314284977 0.039452087149410585 0.05794202030234135 0.058334856450506595 0.6460787950757861 0.08463187203755534 0.16677214718187186 4.64558074378894 0.25691719739739854 
0.03264774554808382 0.032646090775213264 0.03265108248265288 2.4873995314837094 1.9830518531775154 0.0481551364138281 0.03262200634713356 0.04143170202654875 0.06085577562371022 0.09000480805597162 
0.014137148233682603 0.014236860028064345 0.0158980754516415 0.020187863565395252 0.025669583276661065 0.014165607386818928 0.021217501198811287 12.25350750089478 0.07321627313333298 2.5496703694729117 
0.007305752032840315 0.0073505219480154566 3.04810787427109 0.026988920253599915 0.3671848467734347 0.025288736433787897 0.010358714148144802 0.05172104684187213 0.03415869512921149 0.017622086085937048 
0.005387610950403963 0.00540813401584553 0.006291475152444771 0.005625402362870844 0.005918761952268108 5.67504176979542 1.4332226720721746 0.01459448903147481 0.015735877844412924 0.11544778073745925 
0.0038299530023301245 0.004175262251864502 0.00399759012574646 0.003926445232147675 0.003998650658371765 0.004108171905601103 0.004158544272931352 13.395810391335818 0.12217294641386442 0.23889542731447588 
0.007128218513710136 0.007130472651443974 0.00712898251350705 1.7219364414764857 0.007195061890227042 0.11718227430016485 0.3267312876611168 2.5278766049170716 0.028272458824515127 0.00951661714819697 
0.017649456080994896 0.01761457577540598 1.3854025676779234 1.925296557501618 0.03432779990784189 0.07269723226903901 0.018252375220514275 0.02328569844988235 0.01851406407335067 0.06065036947098031 
0.005183474473389727 0.005183724461528239 0.005197689974576785 0.00518871803278691 8.720993357382172 0.005336401420994182 0.010300036709120993 0.01804787822995499 0.03055227004140291 0.009934809419623079 
0.7878935444764706 0.00583062746474043 0.007327451709364918 0.6158443028383979 0.02505936030122162 0.009457015863058698 0.031125980333311192 0.04906115198964875 0.02890394537679006 0.5040928386360725 
0.019884176045377098 0.0198828104360366 0.01989265706693845 2.6300500976692556 1.7760751244279809 0.03531215255238786 0.020065628599655813 0.02864681633883829 0.04813028200682409 0.019817581384464596 
0.006823473594681833 0.00683971805614669 0.006779778011371701 0.008808067587015554 0.009420769133621009 3.8767404718020635 1.1564864082651243 0.25856837740518335 0.21722434505471738 0.13163236872093745 
0.013529487978598997 0.5445956657301096 0.009298928096042118 0.019252459734425943 0.02050269678856095 2.738657928499987 0.04043111974057166 0.19855281046750958 0.036222347581020074 0.04687244857959689 
0.026190389395977464 0.027812282131413645 0.036256358247548186 0.028047075263498797 0.02915641759387187 0.028786145526724097 0.030509277931334792 0.03137022244035085 14.175313702613531 0.02554948925406326 
0.003338055076710269 0.003338659729150754 0.0033426919484509043 0.0033415139923483957 0.0033403597602819205 0.0033439313417762398 8.03817685367227 1.3267415237436124 0.011308388025667557 0.003852820232054778 
0.0050054011481897405 0.005005793552788798 0.005047373645543363 0.005471728172022311 0.0052709012985947415 0.005111911606225291 0.005110750954476609 8.561120532848802 0.286063448712839 4.157889739428084 
0.02017262115990246 0.020127218857441335 2.8718100677722496 0.038644586949886026 0.026743427176189744 0.03426013872235404 0.2648473614474739 0.02641342321984928 0.4487209562279447 0.026624030003902878 
0.005087257228014277 0.004426692104867236 3.203226749314177 0.004279164524684279 0.013748758962763931 0.03160727281283039 0.012930978718239401 0.6199735267009466 0.030822243605908795 0.010771026758547166 
0.6194008360705788 0.04870640791078537 0.19067962855677897 0.15227359481499944 0.04867320478492813 0.32460509291487677 0.04680674366854493 0.048988608002439635 0.2008248820164354 10.88314779956076 
0.0052603151803784064 0.0052610755371133595 0.005361857761308465 0.005286764152568148 0.005454385496134526 0.0053034466254827635 0.005964882424655725 9.5153210542904 1.3560225660166274 0.014641919946263427 
0.6463371257858885 0.12450474153350152 0.0341339110031857 0.41018584809370795 0.07903596733572843 0.0360438151769469 0.0851713882920278 0.06112187926275108 0.05732867662233333 0.192075928264 
0.03767032400954858 0.037663522434152566 0.03760933212701262 0.03779627769150954 0.03816973230253601 0.18501089209759905 0.03768025027954731 0.05158992624398357 8.74065364107844 6.330062097365145 
0.0038118296365860557 0.0038481801310690936 0.004138146602832986 1.612942375816385 0.0037293767829310624 3.020425675761458 0.0037793742962868773 0.2040365240520105 0.023364303388690895 0.05927808229136822 
0.012561814615142308 0.012495298604620439 4.190313517093797 0.03867298253518782 0.02051421108498648 0.035702126587650776 0.024248735292870208 0.02244477691724399 0.03937147256661703 0.022261821821682973 
0.005152393472898899 0.0052094020112399934 0.005224801159597634 5.272995895808658 0.005238529892665591 0.4035549228790479 0.0051447218838904015 0.014431475109423086 0.027768088800948852 0.005455877325736809 
0.042225778963455085 1.7222407170567946 0.027626501486391526 0.05767869422422331 0.06226185264111287 0.03531000600380552 0.3663416049940246 0.05350758270711575 0.04472719996348694 1.2055016568075978 
0.004110215570250227 0.0040146870124451155 0.004727923628539779 0.004154191472660671 0.004174478981872216 6.293909047491067 0.18512747451744732 0.22809727412581138 0.2440096267438383 0.03994213608933275 
0.0037285501506235303 0.004947610967578867 0.003983496039068401 4.199009254302924 0.003622456356122733 0.2862649877644073 0.0035591458906271854 0.3250986105938361 0.02602034928159901 0.17123209778900214 
0.7525935959080859 0.04079336263054139 0.04295397407828472 0.05710872954601466 0.05171976304413631 0.048609999945518664 0.0550210178239801 1.6914436390722545 0.074377420146236 0.04085955949404037 
0.017067846155665832 0.016652285728097987 0.016685290079485784 0.01851884806016898 0.01740441517746665 4.697692295474687 1.3573843557538618 0.025797327702341 0.22328513153916113 0.07733094510407867 
0.004939539309435545 0.0049437908971002266 0.004980491765432001 0.0050314049572955846 5.124145475658696 0.3136174348946446 0.258630507701881 0.02670555977577475 0.032145681101336664 0.06493815226803455 
0.030014296641073024 1.9649114339377802 0.006155003794114636 0.04472856032398397 0.0463153742728222 0.018230129447116675 0.055359379865498076 0.032370335765979245 0.02706126183212744 0.042555993040651295 
0.002678600211858481 0.002744385458584744 0.003655704560554663 0.002826771304402941 0.0027490307120979305 0.0028770402914467057 0.0030357880129804685 0.0031156241342977353 16.825487239299225 0.004357219332975541 
0.015464160687137175 0.015554736254882497 0.015578966904119114 0.015482832369350438 0.048306734775159565 3.514673309250462 0.01698348154788849 2.7330002695678957 0.1560524941711032 0.128867824595488 
0.012273991270239766 0.011870755665442427 0.013964526160556451 6.538971032614879 0.014289107961500878 0.024289297030642473 0.012194220860609282 0.012802635857595347 0.042331346004453894 0.05210537342495607 
0.41423724089084174 0.5032798275747744 0.01731762807794467 0.04990163013202897 0.054024235018111086 0.029346588818082893 0.06088267406670502 0.244003395591631 0.032667231095452956 0.053500778020663366 
0.007309714386187066 0.006238538064841763 0.006323823791392781 0.0065862635360621645 0.008458041183577904 0.01674489502249599 0.021214249976377747 11.68720449622881 0.18079524337223396 0.020117147205909746 
0.003808932816822567 0.003827168322804544 0.003988478801894556 0.0074793894456648535 0.012242874842029496 8.658990901906323 0.0037484422806647487 0.24470292831271462 0.013847206481021111 0.006702717986152644 
0.03260089506802934 0.0321398789992608 0.03477950471557386 0.03676396542269072 0.03476577397869387 0.03524384013724622 0.03560856216914053 8.038267110955736 1.3749512408473925 0.03911413500443411 
0.0053849687529799704 0.0053830335413636325 0.005929401303120557 6.774860305981574 0.005467357380192531 0.016905440830962893 0.005485153428015388 0.014233349162942423 0.0323501186156891 0.005391405120824278 
0.052469052414119914 0.052469168827514186 0.052480545653393613 0.05246793464844365 4.551154041961763 0.19222217416020004 0.2715650630862772 0.18873253073576518 0.2894087542079074 0.07877361845638294 
0.2598164807189692 0.15668193526713958 0.03830950789723328 0.1462547183615546 0.04521359768276818 0.9815951533422149 0.24700869267119557 0.07291547740046217 0.06415469587442044 13.23042026479688 
0.005057952273187627 0.006031399383585224 0.005391771728968657 0.007438861285242564 8.153556382861138 0.00505361384744784 0.006143109412941805 0.027652497228401164 0.03265183544581843 0.009684837072162283 
0.0868346596611969 0.06817609940219678 0.08014065654980737 0.09653762123772192 0.0948276237160871 0.12928331375011612 5.2570477098384885 0.15480986718727544 0.29023683192924205 2.062211967040584 
0.00280302963001751 0.0028716810753341643 0.002859166972192041 5.541324814734198 0.0028923665189916894 0.3004017390038146 0.0027934709414929584 0.010185434124767039 0.026758551753399428 0.005105723227902566 
0.012640993516029209 0.74265142647854 1.0281001367082443 0.04750566631638272 0.05150116812335919 0.01947826129269394 0.0064170790382178135 0.033216117253669956 0.03171264846519765 0.01487506651307319 
1.265308394794913 0.005509700336962644 0.007935480724442029 0.02863073427095957 0.020433561838558656 0.007216236804683537 0.029914242258973687 0.11580312563680162 0.028895519133834324 0.007959065880923391 
0.04010036494435258 0.03930810015189856 0.0837388740883952 0.07636658944141225 0.11235019183220049 0.08854058204092485 0.19649925371499274 4.168580685460917 0.22028681727960656 0.47954891729357374 
0.06657619136162277 0.06652062774259214 0.06650844093879156 0.06651196701565372 0.09379594537290808 0.06654579808202006 0.06650917893212757 0.16998468762511487 9.438085602703131 5.158145421041964 
0.0031066158942510483 0.0031069760915048276 0.0031167174808940995 0.0031195101979194315 7.840504171565424 0.004832438111149865 0.003349468364768885 0.012003187250753503 0.233920660500301 0.013033750504226515 
1.217616230581761 0.05204062889797378 0.05335403389463891 0.07517919383190108 0.128955619012747 0.06571948801659437 0.076663573429626 0.09810377521701613 0.07682616867360055 0.0793986836977033 
0.0049666214666621925 0.005024406195318807 0.005539046266719522 0.0051655848180138806 0.005212367171954926 0.005186298260474998 9.579389870810374 0.5049468785822266 0.021033393820980562 0.00728024727996542 
0.009194316833408 0.009194315771170797 0.009203049999741158 0.0091974992633615 8.440026601193335 0.03424922304183792 0.009332483723082253 0.018647872159995006 0.03456413997223502 0.013946679350455194 
0.009591367519379664 0.009651358742150952 0.009726004145210665 0.009731493732434055 6.214996827595838 0.23052110826876324 0.009866392796549842 0.2838148944352436 0.009658883616134054 0.01951303276977397 
0.003115926933669762 0.0031156104483051937 0.0031166053208081814 0.0031158826183212344 0.0031156707596384165 0.0031179588752666978 0.003116649038966757 0.003134751240456532 17.50349749121147 1.3501940347044057 
0.015723070661903336 0.9975008680040653 0.007505708564452801 0.02543441091020878 0.027741178279827576 0.2277328868456756 1.1262826945543516 0.03405119326222746 0.03287104402944475 0.046713964984741105 
0.010851365834704444 0.010853836171457801 0.01086747820795822 0.011115144504745692 0.011436597197540728 0.012473306936475857 0.010974038703979552 13.117129092019661 0.2005297456203757 0.012425923630748181 
0.004293557324278677 0.003630342219711743 1.8139163524965578 0.0036076115152709836 0.009743024569331382 1.9792358883587988 0.028286033831524646 0.016301866918652444 0.030636633436905286 0.4638571256480908 
0.007369926542568354 0.0069293670328772995 0.006990650829530196 0.007105049709993012 0.00713601916465045 0.007231635724487175 6.526904041731139 0.16330160936510882 1.4780468206478021 0.009201282947783041 
0.015526313465063182 1.639323992984944 0.003902399628387274 0.4013964535708899 0.04918511267798706 0.0149000665860203 0.004840951095357694 0.03023611484484884 0.024111632785815105 0.02066136414118825 
0.013666585970359343 1.2059337787323559 0.005094437280125363 0.0264874129981023 0.3070720216627494 0.5934705749220327 0.0055992836301613 0.03292845576577426 0.02475739723575127 0.3720668704668124 
0.0236319944579824 2.043441716489148 0.006101435925838061 0.04310505064556899 0.04778683536289904 0.018222698898139364 0.055420763296478194 0.03319592866158297 0.023343597388612483 0.042407508866996076 
0.019878708976404164 0.019910798480103922 2.0389522819114894 0.3026789218051094 0.02971048790018407 0.23429518744465688 0.2669026508609399 0.029562991155329954 0.045631808378926574 0.178954695763371 
0.0027338918654084936 0.0027540595837089784 0.0045920696754001376 0.002972067711292629 0.0031505931477896444 0.003014685227363175 0.003517461538293651 14.697835985324264 0.003125095615221461 0.6107236282255694 
0.020781483158223757 0.020780011294980052 0.020785369795203654 4.425142014397786 0.5589221347638567 0.03572906635051562 0.020852260749718746 0.029587909894550013 0.04907137125475818 0.020761493564492483 
0.005511780407068635 0.005540149934515304 0.0055184266806248125 0.005530861975742027 0.005548177760036613 0.005532903310190807 7.554441413649571 1.4066950928878088 0.03132592331012697 0.008697461438031297 
0.014305535019192524 0.928982315177521 0.0080088664516331 0.024418282588692598 0.025715352731281393 0.3679320163317777 0.10410701390800417 0.02678726485640312 0.01974912929127647 4.133030003439417 
0.02657527200787276 0.0265965031404308 0.027260771370416208 0.02675766773423546 0.026857503336114256 6.019396265176046 1.3645840969380574 0.03493623504069424 0.031081007757799574 0.1404425681859192 
0.021841397132607934 0.021345111253747988 2.4246195834604563 0.1929002714698397 0.35667685679220174 0.04663859672675392 0.0327993461813917 0.03408509721510905 0.048120637799393795 0.0277301744849246 
0.0031361127258704405 0.003144952681863584 0.003144192451444935 5.717213533436125 0.003203714116427805 0.015506531709341954 0.003101874137939625 0.28762503085229313 0.02357920606208959 0.005739270442039958 
0.04436883574336907 0.044358388151815795 0.04894989324323404 1.3796132769748102 0.04435396403310664 0.04638622945813536 0.04439892504456646 5.038697112104813 0.22634676538722281 0.10505797029957707 
0.0031667116358280794 0.003168421510013069 0.003170645711511834 0.0032047380442571604 6.502599383242498 0.005038066777713516 0.0032732973082328968 0.25996723966798646 0.2494619951670275 0.012620790987515852 
0.015511370892947351 0.6832944641587164 0.011719531421689793 0.02256920082038921 2.3356267437995686 0.026298938541319757 0.046315093150807944 0.04326329691055446 0.03865697905563344 0.04940546353756531 
0.005089690124403678 0.005040068230091157 0.004734811156788929 0.0067422781249174 0.008523212653160897 9.98828955269742 0.005610648883028042 0.015018683082809351 0.014992827851231696 0.023611210362833805 
0.02839715121092852 0.02606495688727892 0.031285625955257364 0.03085775781603776 0.036561037342460384 6.818947396192542 0.37809648894217435 0.03456923482916967 0.03708619605240591 2.1865995255874022 
0.00697267930022454 0.00704785969777663 0.007010345721594873 3.9738832106744515 0.006973087173225823 0.017808149734869428 0.006995318323988724 1.3927890136802326 0.035174593058528124 0.04301074622828215 
0.9768004519977033 0.005230347163318002 0.006873969617167387 0.3513584181420313 0.020655470998810686 0.006793961873285247 0.030987294022465302 0.03466485998908318 0.028364132027411018 0.005479841989147224 
0.0037681056299523437 0.003836205894575406 0.0037920936298098573 4.609212672288417 0.0038404827954691126 0.259220312113647 0.003758193306196633 0.27806637615645724 0.029543875908649066 0.0061468647463223235 
1.063563738701146 0.009099281187451116 0.0761244536211912 0.03347848231985338 0.029115707880601815 0.027773480225843687 0.011311401006233564 0.05137586083276963 0.03454112986504409 0.016409081334426468 
0.004301769235553398 0.004241261099309882 0.004390180538167372 0.006145291059752407 0.004628683275423004 0.004633432200260495 0.004618154467317425 12.48074664438173 0.20939655303478308 1.3317414543520845 
0.01691418769881706 0.023007609324484916 0.05204470072604912 0.4296973738481971 0.15448195845816526 0.6714821779354854 0.11252009433825484 0.08988432937049859 0.24046876234844275 15.343760363176786 
0.007285590442817048 0.006295928217360555 0.009512763397054027 0.010405073428499487 0.010290981190511653 0.009458584503888798 0.009516345263754696 0.014059320434777041 14.738004323561404 0.017554398706324116 
0.009648447659249514 0.009551936731703688 1.6564475023613923 0.03777399654687749 1.9195143559323227 0.03215032524153538 0.01306267328482075 0.016085930599398734 0.010805006360524097 0.01842817567434775 
0.03543703171770071 2.2427240900528314 0.015657560046141352 0.031176707688357917 0.07752107199340265 0.0313091481244958 0.0239250225463674 0.02272027846413962 0.04555811736995723 0.11875570926275403 
1.1088079210823074 0.018290138484608275 0.022712960075163713 0.03869753568691948 0.031445343947884494 0.0201249717855582 0.29703457755363327 0.05982853358781172 0.04161804374128812 0.026779532121736664 
0.02658454186611301 0.026479147939415318 0.03304889281526361 0.029739001703251937 0.047180841136247056 0.031180120204588976 0.09296026448169228 0.039782126713208216 13.117723002495323 0.43757755365294015 
0.019589440069160018 1.577924040709417 0.0060506166560527755 0.034587642934953436 0.3858343345533245 0.01819738332061953 0.0553895097176427 0.03316822287748994 0.023317464351838645 0.045822340786235344 
0.034506160022003386 0.04450549612589856 0.4595970082320708 0.7779834071521752 0.12645779881681882 0.14380533837799978 0.027867480754144695 0.032936768514366624 1.2826545928712871 2.6039100251230414 
0.10505601518917092 0.1050608520462056 0.10505761312588052 0.1050598755487707 0.10506059239447053 0.10506013703465823 8.909452328039814 0.38738253297353165 0.46759503159055393 0.10552596276921103 
0.007210007455723072 0.007211461273589192 2.737368192791405 0.2960300097383461 0.025040665098309527 0.02512508208199814 0.009980818126931922 0.047435065087423504 0.19454018780056107 0.017595717285891762 
0.023528309320230173 0.023566069739012246 2.5638152596349326 0.3239129965988621 0.03814048004728579 0.04057532914934191 0.0261600200425968 0.06181144218485525 0.20855839688982195 4.4522596125381275 
0.3246100770811795 0.6188900360162832 0.02983005888745541 0.06824931979423021 0.07869802503839851 0.040171338763592274 0.32580220627130535 0.035378018550502814 0.07461619786076176 0.9252829623792747 
0.008331382543156315 0.008331381028935075 0.008343831689090928 0.008335919103369007 5.740612133886396 0.0084313331442558 0.2986481906009358 0.317609296090567 0.03370544643762906 0.010363636691171478 
0.007568690979998388 0.007624620751494812 0.007935195520834016 0.007763127508665061 0.007844866003290213 4.94002359550265 0.22807389137908196 0.016398019540128598 1.4954540127752114 0.010374466761485911 
0.007805792985632166 0.007198242231581595 1.5406335441025887 0.017520458202477475 0.014871393252300295 0.3591178671273425 0.00926283129674084 1.820267211743663 0.03405958311164277 0.01679616389670375 
1.1837126499730226 0.009625121553501127 0.003743136850816449 0.04108271986807864 0.04677725356422646 0.014179537408353496 0.0038011940933786103 0.02856205358749365 0.09654518395220829 0.02063168846219947 
0.3756284372786118 0.6024087712672698 0.008640836458340309 0.027281827763120457 0.019898327015342387 0.007992986475536396 0.23845814438252766 0.047788475124157466 0.036483851576382106 0.00673405709766293 
0.10115617976347312 0.10113225970224439 2.30544794381519 0.11540282835586199 1.113879980819696 0.12088288456065067 0.10418444550706475 0.145482422221113 0.12978024519064524 0.10652693188862239 
0.003917912700147022 0.0037003784563251468 0.005494845669601153 0.004241500869276835 0.0044707591843381285 8.155664869193357 0.33199066417762363 0.011216896870703558 0.012129723977939193 0.006535400441330529 
0.0040572803305510855 0.004079520483453155 0.004084271657161324 2.023867984083961 0.004295676757866327 0.24244793340608714 2.4164778333400516 0.013549249298774237 0.026674312908298557 0.006442871573701824 
0.09886201219866227 1.5068813082292138 0.005724791205221695 0.04520755962685382 0.05496845677740984 0.01795044418347272 0.049696520538825104 0.03206526359531646 0.024333815081275162 0.0420794067822837 
0.011285803179562124 1.296995351132133 0.0056273676017327265 0.02696810596595916 0.692600201389948 0.005438732542835083 0.2237883586739471 0.03198548094548344 0.01853139754996909 0.024174485255308707 
0.02050439647863488 0.02056596506866456 0.020879273044126935 0.02046030623751677 0.0213409424996273 0.021105871758149403 0.029095611227775466 6.113686878738796 3.2309247669740335 0.08427856939335451 
0.0029168649704960727 0.0028546796876568726 0.0031937961802351506 0.0030220677117053546 0.0030185309005262453 0.003025279961836342 6.883714075007801 1.7502903019917306 0.010739925896129016 0.0033397726925611113 
0.945121858281186 0.07550838505820592 0.03887041079960091 0.05672527729584869 0.04893835270482239 0.0701927128634657 0.050208885222360805 0.26271695907138143 0.059532774735633565 0.03667158160456955 
0.03679190199745486 0.01414736690723555 0.07367446382570773 0.13459236896306973 0.06322099804897878 2.2555724274865816 0.13274254835530114 0.22990194190267446 0.20863415110107375 0.20248966220998116 
1.1412310519745152 0.006930549865781768 0.009113403955854003 0.027761848162707343 0.16793949381730652 0.008727179733633413 0.032659309974459844 0.04703267241733886 0.03031716065337883 0.007350900487746286 
0.003405940885236517 0.003410220407453738 0.0034191043632388588 0.0034415681983559696 3.6638516286026364 0.0038825085351945083 0.07125360649095984 0.14182717468850392 2.02257462525513 0.008970894402075416 
0.003800263613127169 0.003917517139224812 3.653934804760868 0.0275059491015572 0.013750878633036336 0.021801109120161782 0.1644671367854482 0.014157418509058071 0.030687980605667037 0.010297517291197843 
0.0033553977449840094 0.0033561643149160004 0.003437273676179556 0.003398726194403819 0.003416195037579683 0.0034022607188722532 0.0039505187814898365 11.267715221818856 0.6012006206269026 1.4436083921436726 
0.010106634033566188 0.006889427675057189 0.023247203160280082 3.5484043257873212 0.008277506930232142 0.015317607373252027 0.02784123126008511 0.39262760863822765 0.25702256900985715 0.8408368537007531 
0.5627965715844592 0.00477463661929172 0.0058304036334319255 0.01504816156682905 0.010543662864079135 1.8815888937269931 0.03044523461089905 0.04636154963298907 0.028140515426284464 0.00517425526065192 
0.4851793025972013 0.786442655398729 0.07797737082626913 0.07271405677029603 0.12716125386772587 0.07400836495655111 0.09737224462945641 0.1132531862442967 0.09507264759593022 0.11061177208401565 
0.033650082546353606 2.1650680978504284 0.015342637697397922 0.051368529723484824 0.05091730364766914 0.02953927858758721 0.04828992934617707 0.021633400788890894 0.042259714637477505 0.02365757241489323 
0.2929203029207155 0.06445569846871363 0.7724488648294221 0.264718377383467 0.06338214576535953 0.06556271639032415 0.04889994246363037 0.08879637355025041 0.1238069636963241 6.078527274897376 
0.009723456618167734 0.007281361082554327 3.4443599206383886 0.030810713578977054 0.024652226997661335 0.026849022915569423 0.0073691120486392425 0.2435287786776033 0.03414064123055598 0.017666530097757174 
0.013460019726891473 0.01346868385892723 0.013500756140531867 6.133285249902973 0.013538741026454611 0.026715149082145513 0.013513407488219123 0.021453523933720353 0.20109653266495128 0.01566746761096286 
0.00665410895763908 0.004277562750434586 3.335550170999456 0.003747948525767165 0.01131029453719051 0.35821742268002654 0.01525881893003496 0.01686047013494676 0.030629677498989524 0.01059649383136695 
0.003254178215817712 0.0033021564677161506 0.0032705800417603824 3.1872301148456526 0.003250452422862528 0.010131464509529751 1.2641420153484348 0.011811832239585627 0.22371616874930927 1.2337227054694198 
0.003648385320860418 0.003731451843761215 0.004064182448910399 0.003947843055212148 0.007430312483990385 0.004378921631301822 12.618878761763611 0.0036199702574869178 0.009539021558403507 0.005340166648809231 
0.013965871124651523 0.57002287750443 0.009107408524687796 0.050259810571364694 0.02243582864027962 3.1366379728594502 0.032849550749275785 0.035923962836869515 0.01642911847506636 0.04679205933045801 
1.3284749616636926 0.005298680036336089 0.0078021046949421245 0.029659164253030664 0.021001812669480865 0.007042483308539746 0.0310147267965989 0.04934733536464822 0.024246606686543038 0.005663184512307777 
0.015881207543511893 0.015270129401814119 0.017034748433503617 0.016106454510901806 0.019300112980127026 0.01645754980691806 0.01676806772896502 7.586030518383554 1.8065015583758708 1.177491084577183 
0.0029554609731519015 0.0030595832370701468 0.0030910079705902356 0.0031709964955086087 5.938405053709551 0.20198959849905107 0.24920496906809414 0.013412429514738313 0.003001825080767199 0.2997918594217781 
0.012773631716459073 0.8698744126785674 0.14095777674348148 0.2361394549350448 0.33309508357824946 0.009537061359486104 0.04949413042795177 0.034171728336475665 0.02261190139604539 0.04150512027777274 
0.00683560187950129 0.00693845381688712 0.007071357514332129 0.0069575468245360594 4.245560086664282 0.17765012370667074 1.208508516852462 0.017609323031433317 0.006826259965193909 0.016752094895438645 
0.5355558267079318 0.005290413194443822 0.6041324989769787 0.03958359574584167 0.019266714921452877 0.006856307936441447 0.1754972937197884 0.046864533091614514 0.028643498884909906 0.005677238719277363 
0.016253499303193412 0.016590815973390426 0.018000053726089024 0.0189100807341521 0.01750569193637752 0.020748935010951153 0.01973530917302427 11.072142217008375 0.24299119852971135 1.2319943143016974 
0.024586253850706775 2.112721715857456 0.006462674911328475 0.04471804088758594 0.049558200129866926 0.009996282782700882 0.05638081556822798 0.033134477823757516 0.018389068719361662 0.02089904713719425 
0.011590130622405461 1.40741787013009 0.2388868328442802 0.040666169358742774 0.03314823688832045 0.005239466485307445 0.00600851997016599 0.24336669928443252 0.0186477200566273 1.107993706192902 
0.00429882429454214 0.004308846786791177 0.0047023744706425185 0.0049633191298327235 0.009166140770172446 6.748697449967831 0.2196541326841917 0.030371470318386343 0.23182462163632353 1.4097834741608106 
0.015994313123741426 0.015992105143685303 0.015998171911374405 2.1739363926125796 0.01598107105285582 1.9410349280573416 0.2610613105255431 0.02187620056078244 0.04482820278516364 0.015962901573507635 
0.27248655573022923 0.35812231223697627 0.007687371179450992 0.01834124830543423 0.013351685146153886 0.005306389210621023 0.01912251089621781 1.742330512598673 0.02765622468809438 0.0056002814437540755 
0.003608701219276587 0.006421452607761919 4.354981636909848 0.0034377250355848415 0.013029677449805339 0.005226468300970048 0.02939653844447587 0.015956794276580526 0.03014424267716372 1.5211341526054178 
0.5983034656566536 0.3786855961596847 0.013650380142957748 0.04795618359564841 0.08041554515802116 0.027614508846750947 0.04627983787764574 0.02185863332924854 0.04039984128487921 0.021797699062294937 
0.08271688286068524 0.08274793967116865 2.1818521144697325 0.0966482584898619 0.09240419439303121 0.09224856196987309 1.1467297053468657 0.3098682476989581 0.10957198130211697 0.09309787016931816 
0.009293519379733063 0.07179896730929822 0.9084383672064571 0.19295425299100036 0.19248885830077847 0.19949791214778492 0.024692958795462645 0.07898865427871511 0.190227377903736 0.06791080430985749 
0.026715583881508423 0.18238844838450669 0.08009738106476352 3.063909298599535 0.004471381085853936 0.019134295085684 0.004344768586893904 0.0132450238023154 0.024668103702415657 0.0675364217801419 
0.34920429859524993 0.6480157112805011 0.005453874648248629 0.027193151720883026 0.0064565898444122905 0.29881651567148027 0.03815006891012266 0.00892424607064015 0.03541247319307871 0.008153953214359735 
0.003453731052047611 0.0034560743484974474 0.003482784302085474 0.0034752787525633923 0.003467885411410631 0.0034906914257613938 13.220419014179079 0.004079153186128182 0.011604858456572895 0.06276581079323146 
0.008948295458927821 0.010136989890252454 0.027646426048223958 0.02878322893519653 0.0387281400492279 0.25468705415500936 1.401006765031691 0.11969208282056133 1.0304295720684098 7.567117036663205 
0.003493115902590804 0.003494564293987377 0.003500249658890644 0.0036248867812170888 0.0035095531495441075 0.0035262719498922583 9.929703836877968 0.21888367549616605 0.15105261447075177 0.004324805737867565 
0.004447856400394059 0.005073019960294524 0.007129390878834658 0.004969772402920255 0.004949408793672134 10.449254286141905 0.00447258665620672 0.01194689135561796 0.01262280950347035 0.010262704882392499 
0.01198649648514704 0.18648162677634128 0.19444046347076552 0.07560316307746369 0.08326766088330297 0.6474727001160906 0.11943256230530293 0.20756263118467005 0.20841896994686857 12.81950237166845 
1.3042233552291618 0.004796121234943453 0.010722862811330613 0.023295964158174906 0.018737388103793585 0.008852889189783587 0.03040722678507706 0.04522004543279595 0.02808119152700407 0.038880221879827086 
0.39798788062261126 0.47746913108108807 0.06103551285517316 0.08764694277919699 0.08875893144888672 0.26703293496913233 0.22315676827339895 0.08739405106025071 0.08927667594970688 0.23389712886083605 
0.019556144577623648 0.019849155751105182 0.01964827050660432 3.8124108157738337 0.019525922063219778 0.02824883057359291 0.23787718222169973 0.2712216545679892 0.24272852850713497 1.471993996716372 
0.020182091223354303 0.02009439053358343 3.581299641310114 0.08400608565733683 0.038547201450764325 0.02946823154262465 0.21713994138924683 0.023343967720929733 0.02175722901832103 0.02510960535291621 
0.0040020161332562565 0.004442237695697419 1.7023894084408893 1.4844027577259826 0.00405833054746047 0.020576889152485796 0.032226021642391925 0.012628282429190679 0.02003430013675956 0.00667914956101885 
0.004559499888443881 0.0038220204276936923 4.531938969956592 0.0036542737852648635 0.013492486816771758 0.0054889406542792535 0.030279545193323876 0.01649475347389456 0.03050634841330761 0.010139504367804609 
0.0070466703185143266 0.00702532361775659 1.1870575805942036 0.0144725048579024 1.077287049002656 0.31364971431020366 0.01695859761701205 0.2559542134659041 0.03374707559297719 0.18999322103263458 
0.03214665228273024 0.46593145409869136 0.028426960341666682 0.037795753898175986 0.11090556071750513 3.3327147520481737 0.06851146495263671 0.03766013699212233 0.06966900021514061 0.11851218294462981 
0.04168672875071795 0.050452973803944035 0.04149919897652941 0.042364556538319775 0.047917293896875574 0.04511064843278715 0.09424766465895175 0.04890309976283387 9.381625938487293 4.406238369376991 
0.030605134123271364 0.029703940226181877 0.06479212347229854 0.03953552383439565 0.08009848740176456 0.10548317838736487 0.09157599395294916 0.20187609215337168 5.827294034330625 0.11052119890932546 
0.009752170790840608 0.009768808446036406 0.009773151584559303 0.009770822019713315 0.00978714021089386 0.009775457646250447 10.203628867044946 0.37778079330361 0.03556719446929919 0.012938732597203515 
0.004751445503395951 0.004815502676104089 0.004531071837375628 0.004912604140581255 0.005648073316645406 10.347104400874883 0.004340672427076932 0.015460185067772553 0.01373233924900083 0.00906721009202013 
0.00474720636644447 0.0047982301524843625 0.005137819258306009 0.005038851761244248 0.004941363833590201 0.005547734290263196 12.512911000753704 0.009447433677176485 0.012804262795413836 0.0051337620772950576 
0.026348640520141117 1.8817451548951767 0.0178035209218426 0.04861463130209978 0.05207308738044117 0.017862833237456775 0.01816645019104503 0.25272374731490366 0.2550148488149412 0.036604967404938404 
0.016515496551988314 1.448832671436061 0.006419599620717867 0.033371881750394856 0.21292899572748678 0.25091034803127416 0.04788475479650838 0.03101092636649167 0.020401760978571756 0.04274419949060791 
0.004406211191957109 0.004435400492268939 0.006066981461384446 0.004932846616491236 0.005680336179895118 8.861644609801028 0.004202532839960687 0.21618124263865968 0.014603309373336284 0.007094685670961132 
0.03548938218577319 0.03561657921569157 0.035780833599064636 0.0356655084105351 3.4998954079104956 0.22050917057648084 0.21982226233890384 0.03547999238482527 1.4598500565457813 0.04843958417907203 
0.002966522056032531 0.0030217709796257985 0.00298540943088343 3.6694453178661863 0.003024284160469783 0.011482591411010067 0.002960327581379797 0.007759931199793025 2.2897211816660814 0.005347448635390619 
0.0317721382654758 0.013935438620131572 0.25433320833220047 0.7914958174030119 0.10280115699971265 0.1465448295201132 0.18011554910946562 0.2055644887078007 0.2219648954218119 10.46216325793364 
0.017884914014002676 1.1500132194579389 0.009300830539038138 0.02981655683151485 0.033176608093816194 0.1380132694568203 0.21391493601323316 0.2252242479789377 0.26385299581490085 0.02605354341802005 
0.003907902998447866 0.003914412907738518 0.003896475087836689 0.0038903641802740183 0.00399601935778152 10.857447558837778 0.004208846557561075 0.011355357473096683 0.015865716820702862 0.006812530142913479 
0.012299857958295149 0.011768901190513886 2.6146183610942293 0.011646036599380608 0.5909483818061791 0.030492980179692795 0.022242252550161972 0.014181389999935316 0.22338408084446096 0.01841405878877477 
0.04162005063415466 0.041622334183674566 0.04162009858302524 0.04162028680103397 0.04162028501582899 0.04162064034968763 0.048766365719051415 6.634057378028368 3.2022115199811325 0.04233442630518848 
0.009172813085129324 0.009208933754475457 0.009215236522461532 0.009614425943370067 2.859229124563703 0.7994290699274462 0.1342357434851377 0.1873680816297057 0.3008770892952194 1.3152355150553923 
0.013951450384123177 0.2862675904799685 0.061253880125044166 0.22634860664365267 0.025756234157971375 0.24743698513103607 2.22529263037659 0.03824314635265842 0.025258236577774006 1.085038461703969 
0.00394230480541757 0.003954060766489567 0.003958764562001849 5.095955021066543 0.3716185168638444 0.008866312620159966 0.00394099992861281 0.013156367771715898 0.02139726502518033 0.0063293483676255795 
0.13315561085239835 0.08150058254897932 0.0419907131032868 0.08363423343151745 0.060403646775386365 0.0974191186713836 0.14139674976331176 0.26746766801912064 0.9679559096111521 4.941366649560352 
0.004752927815662464 0.003843180933988026 4.409310976875129 0.0036400022445152776 0.01326104395348874 0.024198308479947223 0.015194909433823019 0.016480660467540372 0.030516201051825117 0.01012573773735592 
0.05727669257559519 0.06277902925662508 0.6465479284379153 0.08405582377284303 0.14603957230144549 0.14117947928100136 0.22661112801476396 0.2562345485146458 0.018262397531407994 0.04581620352133218 
0.33657934177712917 0.45647381280111815 0.005309165202463727 0.02856087861232342 0.03531992927389059 0.005515051451655842 0.005066252448463236 0.02280615835926448 1.120921316032209 0.02354325601184929 
0.04209934234992953 0.04895943884263643 0.8158776285496587 0.05102858247177873 0.14489986095759155 1.379710752798382 0.06304592192591302 0.039401865922026616 0.28273420731647053 0.050127768685826066 
0.03347551549274728 0.03347133804872981 0.03348519059122289 0.03347868864296946 7.568438225686087 0.28612971129743076 0.03361262196349672 0.04405406122629777 0.03347417243140206 0.0434000073616468 
0.09577833864324957 0.014696157540979034 0.05413327391765371 0.04849390176025513 0.17514246978107353 0.07117006555161641 0.7853340622961054 0.046052390169011616 1.2557031327316062 11.54847670579335 
0.012189052596975721 0.1766827659095427 0.03914646942114837 0.06378762421101364 0.08767277579019206 0.8125656486188169 0.07607289186236632 0.14772031146634457 1.4254383607018082 0.015459262504857425 
0.22117089244895008 0.004932023634054711 0.0053411435101112115 2.002794642505999 0.01739285501603012 0.24840827889998535 0.030596181049016277 0.046498791431228245 0.028293446327916104 0.017906276855386254 
0.11419473109526361 0.011020214296670772 0.02060799031593295 0.058927970683308156 0.05370014453076327 0.8322965486640738 1.1361755239588056 0.21815455080872764 0.10881708293143988 0.05527732195821484 
0.018273645785266215 0.1794408900719015 0.05063078778370486 0.10025414301456775 0.13381327095907963 0.15407897725234343 0.2223196138460308 0.21659361160304813 1.437572690326221 0.1638067237067293 
0.008887497591300336 0.341884272124372 1.4248504449085622 0.03937950414343429 0.04307919578674747 0.016893852503990753 0.05047055984850563 0.1811860852573714 0.023199578384417257 0.043671392741303744 
0.029399199011558783 0.8648465434944541 0.022148090942698838 1.2800178649010068 0.06379548514511055 0.033142129835548415 0.07129506575336392 0.04916385539318435 0.04277650017676286 0.057818748186446854 
0.011067103467512345 0.010993660244110111 0.35618344521981243 0.040389507480913536 0.05935896899745937 0.06187857283580445 1.093974209570075 1.2315361155425975 0.20028244929362266 0.019172529983990105 
0.02843066780009919 0.2384304827780461 0.0945449759791096 0.12283969667906978 0.19844130151049802 0.16325592327982982 0.25150656909876035 0.25517945145603205 0.22543842476363987 1.5327394942827515 
0.03160302319501373 0.02515524865666686 0.08005086201339848 0.12977476718801564 0.06009579672329976 0.10148179689322101 2.1830133158182434 0.2288261185235984 0.20492320906094283 1.5817108183517326 
0.09913276655373501 0.14726486506445668 0.04435217740895574 0.08154574034286198 0.07593226676524163 0.1076520554358087 0.15700058217701116 0.1533859010242558 1.2400528220614495 0.057869079244406 
0.002862507107594191 0.0028698041689607626 0.002879296174261849 0.0028711882219681095 9.323989741588436 0.00491648731223441 0.003152770789833925 0.013444758887815761 0.0028648700929200556 0.01279070502316479 
0.10889515774263088 0.025012803178931002 0.05037158274340855 0.09923432090522989 0.14655706945733046 0.152072947874521 1.0770324663097606 0.21924053409953154 0.23051735736262222 0.1467686512970806 
0.01279735976159873 0.01613642104806257 0.03705297095135818 0.5225733636114954 0.05490448345563017 0.08190294469495062 1.023314414183997 1.141146662632482 0.14711907362244114 0.038059994976842836 
0.019314159580820216 0.02773337042814515 0.0540443720183726 0.08470549997614894 0.10969548420173439 0.13907491854889154 1.0250907667043099 0.22093031157227438 1.3519664677493008 1.3277359702938485 
0.013952656429707746 0.012908220181932738 0.043254545427600946 0.05427151874120297 0.7179713782873133 0.03439895355391335 0.10041474202092705 1.2297754766999927 1.326028781931391 0.02455431202122598 
0.0159550565646923 0.020445605349056865 0.044439280821409285 0.5415706515836837 0.08753074942250141 0.08635940677133658 0.10938736560571853 2.2079827575070894 0.2153889443322371 0.012654509464556683 
0.012059204921761981 0.012837567453892779 0.35380990677683016 0.07192582353043457 0.07300043022018902 0.1020672007031328 1.145253317027101 0.031180800061598554 1.361002268964417 0.021921894867936487 
0.011356003791572089 0.020472175863998573 0.03747252018687286 0.46411946070038346 1.2444125703687823 0.1752038877434401 0.13170175691202027 0.14204182748583974 0.2576803271452707 0.006724576898169476 
0.017367103311154906 0.021261657359082697 0.3539827787585205 0.555422455306551 0.1290709404185352 0.15225278526592873 0.19426788244054943 0.2209424997238108 0.26091303936572285 0.1810192971848471 
0.011548294482819188 0.17058562318495046 0.02596687812811781 0.049612823387831975 0.08832141416269751 0.06419503759078038 1.163067612033825 1.2851513181591618 0.15992696272876614 0.042486543501377455 
0.01570185192319614 0.02583865359627742 0.05019614063699677 0.9540066566246388 0.09157260466055683 0.08494114866432306 0.14199018488030957 0.12328457522323832 1.3535362312065589 0.017555062370642728 
0.015967152716515835 0.20225994383632945 0.03523879016607802 0.05242764872971448 0.15499906067190053 0.08199982636841807 0.15256405434416898 0.13505540583960274 2.937558264296537 0.019516734564007505 
0.11618324230562714 0.018941731284957655 0.3741401751188922 0.10077387709584143 0.12327034013771183 0.13821747847021396 0.19417128726444188 0.2212342059732345 0.23379908580556805 1.6169514933227338 
0.01683287905274133 0.30529618112471835 0.5813128463422552 0.9122868173728326 0.01086406832941983 0.019960803323678177 0.006243312394211562 0.016099849616864843 0.21005087187797603 0.006480978345432731 
0.11045324655351246 0.02964071579686453 0.05870292590027004 0.5493163776014 0.16899869989709898 0.15797863576743087 0.192796393378084 0.23018660157081075 0.2088916632152029 0.15341360433144446 
0.013761554236717634 0.009227203512227108 0.034694436070309864 0.04723275812739916 0.6613625572822223 0.7682315454586949 0.09554600191934007 0.14628682495205272 1.4371958997283292 0.023545920730801834 
0.015582249665149405 0.15526525749238987 0.3114147321987747 0.05939222910825794 0.08006533918314117 0.0951019326860702 0.17162413682449848 1.127200314149059 0.19927317658189955 0.03999018523749887 
0.09235875246935446 0.011602798838067307 0.03565363788586677 0.06454285195217908 0.6229270790424744 0.7568045825779355 0.1317896766061469 0.17639011322167236 0.24446061773738925 0.005801621233692804 
0.019438192999205357 0.02514411149362778 0.05776480341956855 0.0821763934883484 0.11029715553436782 0.1431633544396527 1.0812740640620147 1.2636338840622516 0.2874244778109337 0.20625549364360057 
0.12530082501765735 0.021366932395757432 0.054183328163462226 0.06839268381094782 0.07707923322738121 0.9917245011576432 0.1896622808086105 0.22633818196290634 0.25210461536523626 1.4984321886044198 
0.09994990349976299 0.01993294473081606 0.0753000538148379 0.10545449686070035 0.7109918107006064 0.16653325142042052 0.1993520582062251 0.238544503177357 0.22574407617800185 0.29225242272907387 
0.015086632606235948 0.01631755718115096 0.0444222790010297 0.07228448660614446 0.073001872570862 0.049691656094794576 1.7245425432206827 0.26085630249351766 0.14145922593134896 3.9855271295129366 
0.12029441308278069 0.022411332556973314 0.04616279574375627 0.09261232965628159 0.1282821933021705 0.1295973884817366 0.1684696078841652 1.2333092326262012 0.29802182932043153 1.4550778900113768 
0.09902400056922361 0.017922382659863144 0.3203017964938275 0.06039622708754833 0.0618670760422346 0.1139569704827084 0.9914608424057609 0.23675130009551767 0.17528018555936567 0.05613965721022019 
0.008487634723775313 0.012962871370384089 0.37146765530296316 0.05994693232920753 0.05878526124399503 0.8962557710189027 0.08264826700351993 0.1654263095001972 1.3731966747591058 0.019623613420801628 
0.0089218883716671 0.010640290594543095 0.02995072085137502 0.5499182823359009 0.06221744263927572 0.08962367995287923 1.00591141979524 0.14917252716960627 1.4211011786808847 0.030049029856322945 
0.019106121946353166 0.029841470176601968 0.05726748703081198 0.10255300834572673 0.12219468910482635 0.8384515529176826 0.1953543510424165 0.16526666199382087 1.474152444590771 0.16854842762596606 
0.01380026433488813 0.01667786926637542 0.04363413165007381 0.06805283279055085 0.029465681876520353 0.9429229068970757 0.17605405823015055 0.12558863430156156 2.8064633396729786 0.044342107427596575 
0.02382280960087505 0.03239106296261507 0.38474843055472063 0.05604503806236478 0.15487572924013254 0.16205119922118183 1.0661257855641595 0.2238404705718975 0.10124098167521728 1.2572692090884416 
0.025484465116645462 0.17580999142437556 0.07547173565983936 0.10492128359850544 0.13817351027876112 0.15031824118639758 0.21935517916100078 1.2555077153758998 0.26177932172818835 0.19764459675779872 
0.022590253090073533 0.21286559083064635 0.032676306885476084 0.1018641537657134 0.15843829623129718 0.14077516247019622 1.1614955991752578 0.14378055735322662 0.19584126846972197 1.6051299596891064 
0.10549062149253911 0.028981735690545907 0.3493708466753435 0.11627220539662023 0.14145130456343596 0.17307699725785983 0.1852432077715816 0.2921676621663745 0.23662581371170738 0.20348213623276984 
0.09086790366454135 0.020582081957347478 0.03281887348768161 0.06641819936410975 0.1082986603975447 1.5247033162236712 0.20513028689857074 0.1943980436912801 0.21382953381569847 0.038109088629563845 
0.1233470828031062 0.004503600321931116 0.023289891292936626 0.050625418902749644 0.04911643649170687 0.06736441613929574 1.1596108226001605 0.16213809615318808 1.519600638240167 0.024792963620420858 
0.012983459599767641 0.012482486819713279 0.03436747719626843 0.04691672834132693 0.7000400787660114 0.07695379729314782 0.9888603855984978 0.14020576518899805 1.3447743057381376 0.010293445718315654 
0.023039097468507387 0.03540711417073487 0.07308633167851199 0.07721475154890767 0.13748307796894674 0.17757460681777082 0.13903336684875445 2.361004875640465 0.286289679094154 0.19192526920645075 
0.016788065906538877 0.019904008357347208 0.05378113922305527 0.09600463221389449 0.6171930746209607 1.255165105440723 0.12853556718143624 0.21319852579736753 0.24124808395979722 0.007586999660240882 
0.02560306215767927 0.03638642509973811 0.08816452633310597 0.6822224220630532 0.21127807522264697 0.157020590873668 0.19468003668100337 0.21912625255150844 0.29609498371548076 1.5834402714981588 
0.016409043576098778 0.16196372707387863 0.04113997531051113 0.06840239076891556 0.649263319927977 0.09974725168126182 0.08914071778514639 1.1096170084381793 0.20059854504150557 0.04023361678804323 
0.01233518920006867 0.16834184463642848 0.02294743135354533 0.5608434447442255 0.04607411170863404 0.7796639673427497 0.11471334850156828 0.20052505728173467 0.24299803949146426 0.0409199168473027 
0.01949832379297676 0.19208363382567117 0.031938435560545625 0.07207036207695619 0.0691767775927091 0.19991680518887137 1.7388155137665804 0.18841364859252985 0.1734494540144531 0.03436005134524037 
0.012441374619261786 0.7399876646790052 0.006152948268785865 0.018998957452833056 0.021149626985088047 1.8366600940383313 0.04987677631672091 0.03017607740269961 0.216112892701281 0.042488250300003964 
0.027668417051941098 0.04434769754848489 0.4122772225816476 0.17251060568611454 0.14906122947447614 0.2150240323803204 0.2109005244122392 0.24329903814850012 0.23332816840573728 1.5161000996672287 
0.014748490985670763 0.014781105545135832 0.0489223329822479 0.46554498397821065 0.11096686937620516 0.10410203336474227 1.706703087078383 0.20323815578762905 0.24041170694660277 0.01172016061089167 
0.010506006811183098 0.011909607717938864 0.02692099129529388 0.013339405856627129 1.9362431241827343 0.13011171212835618 1.3852948802681622 0.10711963877262295 0.05667966202594524 0.004493159994256563 
0.020044550154265782 0.014830213398287969 0.02732868160088381 0.045394711523757666 0.0712366003275944 2.133227948449606 1.3617824189767092 0.08592482283046055 0.18077371555776411 0.010505194404352897 
0.012077380209209908 0.011263443034360396 0.3919503456906379 0.06442909220344147 0.06753542726236288 0.08811460953949254 2.194720371315165 0.20479812197713848 0.21724273451680873 0.020335958368963673 
0.40002546701641367 0.005004241786823879 0.005751614521389739 0.013790666750099228 1.5293335837056667 0.006424847367378352 0.025537720364079294 0.1813817498661385 0.2416458489315345 0.005132162454313955 
0.0034033054919025167 0.003506007876784756 0.0034384152879889064 6.819031411154275 0.0035106796359708307 0.01818515710660591 0.003389207586283978 0.012293328140524275 0.026008999406385992 0.0057775580717892615 
0.011433692015295625 0.014696020141208181 0.33862030704648766 0.5607015988974146 0.660232572909405 0.18825942618966018 0.0431790174796669 0.0948358430152377 0.1951775119125015 0.06929907803655538 
0.16843253144195494 0.020797731408692 0.050879736312845064 0.07191593047179944 0.13251422118654238 0.6479799770697029 0.18421051114133016 0.20210978253626896 0.25383811078168644 0.04337334164828841 
0.014542604553153267 0.015027397515287873 0.47749763708820564 0.08216055927694488 0.0843140500721579 1.2012056998068865 0.11130054454481708 0.22197440855584052 0.21377007081289 1.4713325134307855 
0.12207714426914369 0.016999844926851478 0.03808434208527918 0.055692878173804375 0.07101893371826229 0.09274463628688205 0.08745085853280711 2.550144285847931 0.24037383548470825 0.021253801418345455 
0.017523007250579477 0.017904952633257164 0.3100546510014375 0.5186643497006259 0.07876087677593371 0.11983888575565727 0.0965304079069267 1.1299607666456706 0.10407366124998596 0.050800750455770864 
0.019587773931733884 0.027763380630912896 0.06146804598088968 0.5092628909760221 0.1370945403411282 0.14913220994746498 1.0149262390001816 0.18899387757717848 0.24344771907991677 0.14901269249536744 
0.015226480222324834 0.6030610757041792 0.014303393723965606 0.024281028526659636 0.05776811243247981 0.1859405985057221 0.11919934467925107 1.9173096536789385 0.26377518696123303 0.0329074331161366 
0.028976487063199448 0.04264340092417586 0.08847452890456024 0.13391645524238102 0.17404917745891535 0.22097390098756942 0.1764810782079413 0.20837621194980271 1.51455778755437 1.3227689688740112 
0.013430585511649804 0.17532206118967683 0.024354117051400333 0.0515235361474108 0.050587739991864715 0.06084735027328489 1.1911010949185845 0.1462895050956407 1.522753722170004 0.10776320997126668 
0.02054495361395869 0.15247272985149915 0.03984618599245824 0.07021452530068494 1.2183445545031355 0.15312430734293567 0.1650699650690676 0.21185567477731437 0.19267901757518036 0.024673516345407424 
0.013669436786315665 0.15708837577082702 0.03916305092190122 0.07984034210574438 0.08424372181393092 0.7563787638122236 0.14691564142593744 1.2509584114236636 0.09883495707709945 0.03262935403743875 
0.02094765264077787 0.028850620384476996 0.06096953866842661 0.10374856092780921 0.11737682736314953 1.8203205634643302 0.24842272630022194 0.2309659188038772 0.13247355366423413 1.3505828101245911 
0.021743897887868204 0.034254862159934354 0.07146375958713039 0.11525138818573663 0.12726554555982802 0.1852554146623881 0.17492795435188782 0.22515082370891829 2.689637603950024 0.08843756315580079 
0.020584315323417323 0.0211386024057843 0.5243975035803907 0.085041756002425 0.09965163751135848 0.11116892858710659 0.14222134797977304 0.1694989452849362 0.1153172327611023 3.986092884403108 
0.019121420036120093 0.027207250572373217 0.055361443849719624 0.11420336856937355 0.11212526027392462 0.8045278911203904 0.1653022622113785 1.2354717929429357 0.22686918023163363 1.3231619735543514 
0.011644374450371567 0.013607628157355165 0.04916343574735276 0.07729520994969757 0.1127810413030073 1.642212557684495 0.08371291480735749 0.16748183756289858 1.4151463365097645 0.005836885286079093 
0.5144956428358899 0.006079579197033536 0.7841600151202492 0.030828626156972776 0.024815489707563324 0.019544206424754025 0.032603034643185785 0.059585362876684526 0.030112351040655298 0.0067875363643119455 
0.018066103026908004 0.15642656917628914 0.03756554126220329 0.5795011743952764 0.7030939581477098 0.019513998598131445 0.12190335965217311 0.18009277683298186 0.22432434273814694 0.011004989474808031 
0.005387105857027085 0.005269633472431498 0.04119723507558882 0.01808913349847482 1.0011405442846213 0.09385640691509951 0.08539953444332793 2.8742514481843653 0.2602064468695191 0.007437614267984715 
0.018350996974268563 0.02971665979613132 0.06167738099484642 0.5458234791830499 0.13881329542250645 0.13264333287227473 0.18176084442302914 1.1497416312862236 0.21772708643990493 1.321401164474526 
0.012683478081622315 0.00900400280880937 0.023331865767403263 0.5586451428782622 0.06228474600896409 0.7983666086156666 0.09546339017422671 1.287743414149844 0.19552664914197612 0.005243098479170755 
0.14620061648347002 0.005117050665877836 0.04207046595324999 0.06713294159131872 0.07927291935057743 0.08950079802477988 1.658338267546688 0.20648294427815062 0.2340127387139711 2.0405072743975228 
0.1340560485947494 0.03338866762673533 0.06775421270891407 0.114880780484709 0.17467729694751197 0.19822317800352401 0.23363347836051193 0.2753792845032894 0.39106964455106924 1.6490671786721243 
0.014154700296373963 0.0120078319094399 0.30993023432001704 0.0969066460241234 0.10362913438694211 0.10128982394546569 0.13583841103291572 2.138573343868362 0.2452149525674719 0.03861920435807271 
0.01800378157890864 0.01998153945972081 0.00912993170815082 0.6845195524088836 0.06688554243846512 1.060522883532469 0.1855610908656812 0.26889321524317517 0.25342607758798696 1.7772885417734456 
0.02232434671788852 0.028907644427555827 0.055624708414514966 0.09985549139806245 0.11977067774891256 0.1637633690048574 0.11558963877751394 1.1397970461043079 1.273047511304258 1.3309419109256124 
0.0315515280015911 0.20889050285215036 0.08675384821972423 0.07120538292985731 0.13754352853022786 0.10254620056672563 0.13930785745761678 0.149847758430989 1.2543014370561683 1.1781532032596311 
0.009759596892375563 0.014903515675349038 0.027429789283083223 0.4927866737353146 0.6172995281794096 0.09589223745178413 0.136346074697305 0.16861454319594263 1.3540284707306611 0.012007866379063089 
0.09546021266774868 0.12929612364483148 0.03790983253950958 0.07868745049990032 0.5625843255308713 0.15733397995399265 0.11620626089482307 0.23452957483566025 0.222378495158616 0.008857681124140437 
0.01892147201590105 0.018291169833353698 0.6130180807599644 0.07834799556435448 0.09830868696381465 0.09983789721266091 0.15120369597132755 0.17553794884440882 1.301240071954652 0.02146549343236408 
0.011777069555773182 0.011893901321657487 0.716557942552325 0.11227895365218904 0.10975134085648862 0.08343228507984765 0.08564657822505335 1.2975040638472792 0.2068999522222336 0.043475169489768636 
0.013738958726359485 0.2100646974399289 0.06523522749468902 0.07913931944434804 0.1513307000756631 0.7570094990794397 0.18645359124110075 0.2249553207293694 0.30768850075739174 1.3146486349290825 
0.02316252194853763 0.1730693471978237 0.05405573621735162 0.12441621536252989 0.12679461926967048 0.7805903000094119 0.21620985799642267 0.21281139835195478 0.2289861864758354 0.17173191640471183 
0.016535459522304157 0.14779609378218558 0.3071239346282172 0.08665224008689344 0.10637921751414099 0.7864345365900597 0.1260074515009704 0.1148112934909708 0.1996156591220523 0.013491684434886422 
0.01390560521938742 0.017101030600495056 0.03141519463200768 0.05645819154485599 0.06648878556634699 0.0654343109891089 1.1151228174323102 2.6195766209482114 0.22008796173411518 0.038643128628137666 
0.004822232947654128 0.02256695624948 0.025128071037810815 0.533333223883012 0.7095009282968131 0.0788480203331619 0.09316488507362419 1.2448615888817454 0.22002988819839253 0.01567297662705985 
0.015064739325276017 0.019847983277024542 0.025838646461765695 0.037762272527491855 0.07106976438371974 0.08135186549359458 0.04241381459025292 3.1644956604619665 1.7965333916292658 0.017095194894970037 
0.010777888105679305 0.01330850111384841 0.3279809243131045 0.5283217525380852 0.10523592173883291 0.12016150969220961 0.9422049631321241 0.09562387732647155 0.19582594184191054 0.01090031870637978 
0.016716095755084315 0.019654135174576086 0.04852100862606624 0.06941628318901487 0.08293814569524814 1.1804465530128094 0.133408192135106 0.15671282753337287 0.19910115331295028 4.127455592198312 
0.01621245205575466 0.32581605658278795 0.05634868107928661 0.07931133527304318 0.5617974777446354 0.15674825056193786 0.11558241139183031 0.23386890398959786 0.22172160563897653 0.012897634111442437 
0.399739010513034 0.35928307855925345 0.010550016871040317 0.040352872676511484 0.03675814641522181 0.1852286244810582 0.038762867016670484 0.23792537334371427 0.027209330784896305 0.0839098077271797 
0.02516663490471983 0.03139863243463834 0.06793228374486471 0.10638974278472992 0.12321713772815379 0.19674322522303384 0.1154352905895541 0.1684063825579425 2.7409159622869397 1.1929430596340083 
0.018887068253671438 0.02947958022206953 0.06581434943115406 0.1315424673484751 1.4913534009186316 0.1169499187500155 0.11908238889091548 0.20382314699134832 0.28037197685124854 1.2394718498927302 
0.015086723684306174 0.0194001452045056 0.049996701963842975 0.07792677537701434 0.08095134479899747 0.12925755992524457 0.06578336801928751 1.0974306471385766 2.712823427189078 0.02434123591255634 
0.012816959124468157 0.012841173872415844 1.0058514273064971 0.09060041944440733 0.17748738111374224 1.3454824221230894 0.16312705251441048 0.1382333477782989 0.01523039757589467 0.018458168101138983 
0.0028799390038304635 0.0028825697845121017 0.0029002220542408 0.003176351152766709 0.0035372299733652953 0.004701092016756315 0.003083790479174968 15.235588222511419 0.0032041319933928006 0.004454187142240769 
0.11711676772963968 0.008209047991713694 0.020577334583764574 0.039993232786515696 0.07153692026377502 0.8704882150791037 0.14226685460558824 0.14652691909770266 1.5549777580034045 0.017586075103178632 
0.011779058954132353 0.02425053192133389 0.03897121473053193 0.06543020716519647 0.06810580409512992 0.10727087826938196 0.9231643066470109 0.21780422325598217 2.765706396567133 0.11460102190544157 
0.019352133638087576 0.024607371754132877 0.057542978349152035 0.06633187284974677 0.6310817214970186 0.10152581825126714 1.909803928792371 0.2426166327523159 0.06917013845576421 0.06480750444772762 
0.10920573458836201 0.016815981784195445 0.028249890802585408 0.5532399027468946 0.08880763563906502 0.12391306800342385 0.09453018625874429 0.14122626107241998 1.333217876520049 0.027161321930310026 
0.09495925094856576 0.014280834365208484 0.28971496335903385 0.4646380491417714 0.14717508604669402 0.0967949070910814 0.06221956953352047 0.19502229176201197 0.26554979191201467 0.02054076034820038 
0.012547050557406767 0.011537449359116301 0.3417015989334612 0.052491516727855306 0.06209648957622825 1.7314867689597098 0.178987042258929 0.22692867799788374 0.19000577936922192 0.007610274142342195 
0.01888036916699332 0.02958723293265462 0.07169565613185273 0.05994888800963037 0.11541981865145448 0.1490868270032953 0.1874096444674893 2.7989574322780233 0.23309947664516195 1.507209471101453 
0.0057398824713183975 0.006163084972831814 0.023515533290086474 0.01864800956313185 0.8523475195570941 0.9234753800338691 0.08099922607420132 1.37371032290449 0.22177847423251784 0.012618924596337998 
0.0191807445299354 0.02343066681267627 0.05836607636587503 0.09849626792246532 0.7174683703193278 0.1296420856861104 0.9453103866904072 0.205768872027001 0.2558859735005739 1.2640073126289355 
0.012076558480576798 0.011503485236891686 0.3679216475216954 0.05079871044635586 0.06266968641542983 0.9609205975145048 1.0197797007318505 0.10371740582021657 0.18159050036090893 0.036128874373509465 
0.22997313226685762 0.04268767743836953 1.5937658744528684 0.08802462737281835 0.035240634133713436 0.031152332233527938 0.016019933540426454 0.020326198318674805 0.015043896796540146 0.0188204555645939 
0.01816952686789643 0.15012474582884194 0.2977698264360895 0.0651698763104779 0.603148894186643 0.1434505646019883 0.09519510030528133 0.19302012308738356 0.19895245425633457 0.0717529519102074 
0.10944967096728875 0.027566351160262074 0.02177553342579468 0.09475954485704872 1.2642807635794897 0.14502963637752736 0.1285588521476493 0.2140163182993971 0.10238651987790516 0.008040614889122407 
0.002763455587679678 0.0027630763709754025 0.002767921954964066 0.0027639198567298373 0.0027635173880070636 0.00276415867915986 0.0027649205893637723 0.002765308470722436 17.92016645451924 0.0030608480169331607 
0.019066881247000803 0.18787934264969733 0.05286079832572616 0.5498513142031133 0.16607892182533526 0.14028483850523096 0.17274015559090208 0.22368968847258186 0.21458432542582695 0.1410231773019948 
0.002893932029290708 0.002888350787341193 0.0029187871077651813 0.0029033617248419297 0.0029028950948892128 0.002903636265465718 13.289998793720608 0.0034523180360902057 0.010852419807682943 0.0034522666041150374 
0.1079846944785057 0.1475404843782208 0.02241859479392526 0.0798631048365611 0.08108792779236569 0.7523072591122361 0.16821390905913602 0.20676307148928166 0.19453779959926026 0.0774195242848486 
0.10763227430736032 0.014589782748739405 0.024382967889204972 0.06842469949174984 0.6273215313565197 0.11102026231147655 0.12700118246683764 1.1257360034249109 0.19208861414434406 0.02397335536534468 
0.017826129057113397 0.02526426606094835 0.4379815206232879 0.07020182469272405 0.08022739652229832 0.155563238987181 0.1633593501892132 0.14182290153514224 1.529468633886006 1.551017490121618 
0.10397226782645119 0.017657730346644633 0.05163739756283289 0.05144967786178631 0.06080533883388247 0.10748542553532722 0.0992507984419454 1.102738646759421 1.3920613927712566 0.00834016458143069 
0.021589412210805264 0.02819662446965325 0.07829533781840456 0.10670690052725026 0.7212204842894954 0.7941478062780796 0.12650393172792568 0.20236588390600987 0.2364004794067552 0.183619243056848 
0.011744135875004913 0.01168290903663071 0.012067529633407511 2.058803840832844 0.053872894253670436 0.15719083933678402 2.0440963146770907 0.025974761505785527 0.029785837055628525 0.03058562444024609 
0.012345034505794567 0.7292048968386337 0.006123184180540584 0.019256305515914784 0.10174429136691379 0.10674551750624987 1.9993004011075317 0.039524547219846384 0.023404582939014477 0.04246849441739807 
0.023488014837821647 0.031142066311401897 0.34607852351804336 0.06373459902484821 0.13089806661681738 0.15734547734463766 1.0510496710749078 0.21274229652262402 0.24753815244760807 0.20049371475007682 
0.011542524690146175 0.014386641176748495 0.03755794040951484 0.5312618248213142 0.7123774598945453 0.11640257616295174 1.0653043320687088 0.23833504818098963 0.004548946384629358 0.026661577809387535 
0.018724926853408007 0.026137581775419094 0.06665481647435441 0.5075680639031973 0.1302579730368215 0.8115010841006856 0.16778960229321255 0.24843299133981528 0.22830834770345132 0.20216310805366094 
0.008899110430234126 0.01051259405327853 0.2883486298478082 0.053217908940751985 1.4279833197147416 0.16629185260304258 0.11432052371257656 0.22066449256896206 0.3248343464383031 0.033498992516604945 
0.013113762363420668 0.01767860907430021 0.04558289717964209 0.48833738466116855 0.09363337517450968 1.4611931092494044 0.16954617852420684 0.17924458629329057 0.25970481570810977 0.006399716034081715 
0.023864995932221883 0.023399955004392264 0.057671915368253245 0.5392603920208654 0.13436847776690414 0.12540735028726527 0.14077134643651731 0.18034540329692014 1.3632901294359725 1.3661695600974384 
0.10321604204077117 0.023071745086123537 0.07817992969375412 0.11224465684298114 0.13345087005310624 0.7679771736964361 0.21677190480051745 0.21988295131911312 0.25609587029534353 0.17364648206434108 
0.10445411162804225 0.02867088283605414 0.03427692008485512 0.08663849541262969 0.0757048660023528 0.10559336547126895 0.16373731072737774 0.1282706244366038 2.8006739302211296 0.08150668156616937 
0.01167972411488186 0.17588651243018663 0.02333715827798753 0.0412199576843126 0.6888960368056961 0.10344808975056463 0.1670840940755722 0.1549380860955888 1.4679601471158097 0.016892520584237222 
0.11736991961893352 0.19882255088927292 0.041029351376342366 0.12040515861065734 0.08762787604924145 0.18555127701070148 0.19479450033748105 0.22980858642338012 0.2560494018060094 0.18107784965861076 
0.13775413073147588 0.014583189824757113 0.03625792783469611 0.7152938659896011 0.1354844320073467 0.13457629060754844 0.09306055624834257 0.18120384666009962 0.33966359755432474 1.865816223724939 
0.013611937256324775 0.01576930873038759 0.04754733098631548 0.049616036383873116 0.12707601458493206 0.0766601654810789 1.9725968668880143 0.15998335446296935 1.3851386177132834 0.04395840649883353 
0.021902032633851022 0.20230554060186157 0.0683363572672895 0.06423378817492983 0.7218415126240003 0.13224279691730054 0.196373226861706 0.19986425979241207 0.25527178233322595 1.442430271633667 
0.01990420834283793 0.027494458242245622 0.344451582267779 0.09466992416120139 0.14873369124941815 0.12564538205356748 0.15447824095482673 0.2502530021406797 1.4204692214315626 0.13574444093284235 
0.0055240943635343626 0.006701592007840557 0.012885972759319063 0.011444017167114318 0.008416245307947403 0.014479256560971394 0.011977092093825015 0.011498865179268663 0.017469015744683156 16.189016337047 
0.020713259735764815 0.17995816727454686 0.3523273278437942 0.11264490163770852 0.1386547337769987 0.16097683886840622 0.1995060487367097 0.21908256523736883 0.25866559287900387 0.18220000704505412 
0.011360609767498515 0.013321226339485594 0.03598103375908156 0.5348391556722502 0.06397080874268571 0.8093812406831501 0.08143232948345605 0.16233694392749756 1.362693489154349 0.009216111043674723 
0.23264274987067862 0.017573847710653026 0.03556344670974918 0.11590656109745068 0.08665543311302874 0.10292633234659417 0.09148614185024276 1.3371045343457015 0.1046027488716424 0.018022474889682352 
0.016996044145689886 0.021723592008702906 0.29512503513328714 0.9348010048660872 0.11339145113854543 0.18672233526163182 0.1327813150118696 0.09593127545816993 0.24788009494312918 0.0774972095706308 
0.021455747469422665 0.02863480416426189 0.013670867203893919 0.7083948430159288 0.08701830334195544 0.08388906534760573 1.3125958898186685 0.19743786498620536 0.26815007789911205 1.7087001444093957 
0.008904023662876456 0.011544572118671314 0.3239624156730916 0.050045494711436204 0.7172865087140138 0.10584225495554384 0.9764844751287366 0.10207479253825275 0.20237859862041543 0.05953134942216293 
0.005966286377444837 0.006018382693693269 0.030910579476971213 0.04402247927735032 1.3190362400817337 1.5075588060757286 0.2173811074395611 0.1045990385104094 0.18337917819958346 2.403050196453093 
0.11921387066523423 0.005666006267479529 0.023993540074626563 0.03090510567410197 0.7302081315831002 0.09381839668924592 0.16538269045898016 0.14692294671988687 1.5188854643991274 0.04145740161288455 
0.13217083378656708 0.018126973225671982 0.04237032340395635 0.058338062757375485 0.8084509137078653 0.14745657310556626 0.1961177423482591 0.1775290257625348 0.2508065065170149 1.4385439446516513 
0.1129749271598485 0.03812030874013308 0.07820868132389973 0.10567734560889426 0.14244245416911067 0.14380748713422248 0.18718482572712683 1.2652965659076758 0.27986315508929016 0.22661754166544332 
0.006032116608973961 0.006541043380262087 0.011703425017098007 0.015699963780595835 0.9097895408139275 1.0815745877404537 1.3433057193424949 0.10385044057314993 0.10331844332439975 0.005064944038432985 
0.021613151885038956 0.02927291745634328 0.06727158780356653 0.11267234165883998 0.11538526875997573 0.8336199771874726 0.17133560336127338 1.2490879976589397 0.23337470627540213 0.2929765093928218 
0.012065696480907485 0.016082526458411028 0.02773544461806022 0.049496349392201384 0.058212350998931975 1.048788220172056 0.09192386426049969 2.5937188743285087 0.22107859198538357 0.03856717476089201 
0.010832699392652283 0.009285742765417593 0.028850772186278715 0.5842788509713875 0.040116033465245504 0.08999465935903114 0.09901336798334072 1.1809987185895663 1.4919006724912762 0.030844564374534898 
0.02326293482165619 0.16102799856634795 0.03747390976074469 0.07741734708433731 0.1229488896574125 1.4944433118849418 0.13244973647577624 0.16416643109125378 0.2142518201016544 0.018290891577584126 
0.1028045163740596 0.016947957116266347 0.028830077568021445 0.5222560386764313 0.06319343276749634 0.11807411424280302 1.0425914511590906 0.13111618072366546 0.18153007636920584 0.052154283546626906 
0.021564158657773853 0.025991301130855304 0.0759203084107834 1.1068340118755935 0.10050269998246056 0.14571469465532746 0.21634459402236314 0.19668522867355206 0.24025093319721663 1.250114723276022 
0.011872393695361041 0.8237045010138253 0.7618332365318635 0.04437044926544538 0.0486687394510574 0.017707198998000426 0.037688057597024954 0.031531487937826674 0.032374303652517936 0.04177717239130374 
0.010394290200386371 0.16603466914686826 0.0276577781074539 0.5429225900747565 0.1011474119483266 0.1290415931368544 1.0181228513538598 0.11074815169451037 0.20145782690047526 0.025668479927415756 
0.017279592235274817 0.1525044999532301 0.0348031958261149 0.06219985429757388 0.06567135980011271 0.79566703995398 0.9410514855987014 0.2056458436642816 0.15852214929851255 0.05793439747374084 
0.12346509022153461 0.00799772153481028 0.028690322125253798 0.05180590617342224 0.045709837292412375 0.05583475454136878 1.1640962547200666 1.2738489303427665 0.20709902831863425 0.053969313875467814 
0.012040980478975706 0.011696214060713937 0.3401943405285663 0.04495900162071115 0.6565174570054484 0.11751597314082099 0.09129516712048721 0.1494242181186676 1.322506683459573 0.005284582049317284 
0.02224569114963715 0.0358393959403074 0.7025684538107758 0.11609574998955545 0.12897748355853966 0.14026497247893405 0.19808287826455315 0.22903497864069802 0.25525410122479003 0.21427522913320354 
0.007626639305943217 0.007572006057411314 1.7026894131904484 0.01859085223785108 1.6244818532796714 0.029095246483235256 0.009987038168566756 0.05472084553886909 0.034426438511608065 0.021295655910934953 
0.02084203358177933 0.03038290007871859 0.07237310143906463 0.10535474726262291 1.4164693252055034 0.14658055565937272 0.19498763944735703 0.2210192703942243 0.25445065645385107 0.30654666464922736 
0.10604354877934748 0.013286360507133874 0.3426555410392837 0.09461021561418553 0.10974644232109629 0.7817292125358678 0.014108842934224698 0.1836650934402813 0.24502114761018953 0.0045416605462789824 
0.11041854978864443 0.0114465496435601 0.020445666119044817 0.5341899121443864 0.08151151867365142 0.08629556904744544 0.09902626659098612 1.2534804814491627 0.20074210735739828 0.007715569526027413 
0.02345469359530864 0.02356643726515326 0.06746532755276577 0.08603567430641504 0.1299924703309423 0.06120116641464486 1.1160566957266091 1.2495114629632618 0.19139274397552716 1.3983668348167955 
0.027495894017569838 0.19439187632114396 0.05514607689855514 0.6339661022653607 0.1104275405923384 0.13326875170125854 0.23244731300647586 0.09212870736281456 0.19567742390059123 1.2454933743798045 
0.024209783896531563 0.17544903697358036 0.05005359617888347 0.08482190805531355 0.14547344346198635 0.15526095147689625 1.0632880139055065 0.21734991820617158 0.2709645623257111 0.12342160141209477 
0.019311284978962586 0.030448185180480286 0.061127753514499124 0.09621788595776329 0.1060990429248773 0.14687582484935796 0.19483285032462408 1.1505731644874204 1.3456138686433476 0.10213728167489876 
0.12326987232122091 0.008771359923428234 0.019486086323974396 0.06085135033031335 0.06380218337458952 0.9280187196087143 0.09062648769812919 1.3350899381359143 0.10541380210890886 0.01724384998584446 
0.012976728910844657 0.012768885951375156 0.036045818453253664 0.8629577080916883 0.08402270984633642 0.13115921282480983 0.175707709955977 0.15212233400884645 0.1889379628056034 3.9786153950546232 
0.01270682743981328 0.010072392072199468 0.4248987189492588 0.6249282001055243 0.12458371517272615 1.0866013494462077 0.008883402575319489 0.04798880527280597 0.19805278236772078 0.015849071278850175 
0.11189492562127232 0.007294997826393807 0.02690018460716332 0.5864551674528828 0.07611631881688383 0.8785134949646027 0.02478473855560044 0.21451737596587064 0.2308709604461438 0.008088012340260199 
0.0850048383677342 0.13606468469620364 0.03571226558220455 0.45185419100110047 0.0983085109199704 0.136124436534056 0.1883839350338503 0.21648555176478806 0.20120250041210444 0.013927582228630078 
0.012659556118998841 0.18309363972921378 0.3279472588750008 0.06423649441895385 0.08192068793407128 0.10937640320787635 0.1485020494611316 0.10703047010133422 1.3279018473322828 0.01315297832427409 
0.0171206191099493 0.021874899695835216 0.049424935336187976 0.08780615867966837 0.08865167057354009 0.14147601022689546 0.07667091420274935 0.11987238279214504 1.9455698971958257 3.9852806392970015 
0.019789414709483887 0.03386764606754454 0.347019741537855 0.11308580816107476 0.7436619288686812 0.13900139862650368 0.18686945495667984 0.20590987237389502 0.24350089025708738 0.16566899346542063 
0.011764743817435173 0.015485890346365083 0.03172245722223792 0.05424558985005515 0.05586884109927881 0.9005920748679387 0.11938411739939554 1.0422209278623988 1.3279411975183317 0.018652160656764092 
0.011933205372064491 0.012640677106942128 0.03859379119771665 0.5963883278338358 0.7433319636337182 0.9388114816754485 0.006423111146053624 0.18015312689637825 0.2161881365078904 0.042518068195468724 
0.008890959498894764 0.026489981599538096 0.4440454851504264 0.07452037257380388 0.7104999186791601 0.12319494663524815 0.18278108378899813 0.22118659785094336 0.28028580459642954 1.4669514480490287 
0.021261280126136095 0.3505720796173602 0.04614643298569506 0.08227520395966971 0.08023119872049946 0.10591938891829793 0.11728456129480148 0.16738948012661742 1.432182092537681 0.01559589346529137 
0.015546787901227323 0.011088305503572765 0.31916958048291694 0.030861668614005994 0.6629845811532705 0.10301695401586536 0.1498982990889361 1.2157480161036829 0.20127502181731574 0.032545059281829394 
0.02168753201749103 0.032987124976024323 0.06647111129060346 0.0981212510448014 0.1347769508244773 1.7256175672942746 0.21749619385659932 0.23109131809234512 0.24567120182227792 0.21825756443302238 
0.018773261847868462 0.4182304289106201 0.015417133785277494 2.6303901681996 0.05107237877680812 0.02965191137645311 0.04843978828187369 0.021517393540769824 0.04097409332951536 0.02374189069885407 
0.023413624554694167 0.02720185515345864 0.06726054822594812 0.5143123609059183 0.1401980520198971 0.13400958003502877 0.18514278771751594 1.1328713298919149 0.2620814177220022 0.2153921428451412 
0.017611769512265833 0.1633857035346089 0.020221112068868154 0.5485266387657081 0.10827900978232355 0.09127731327810583 0.03600737436772512 1.305019417223307 0.20001459176251857 0.00991527987030573 
0.015695452050042843 0.14307803260940866 0.30073642698654557 0.08198139376334403 0.10357904218657751 0.09542952641240163 0.9198781456220304 0.13262183369800018 0.22799973817822983 0.017126826857821728 
0.031327901560344526 0.04018603355636639 0.08991521171732164 0.1375021710726236 0.1663165311910846 0.9012258440176328 0.2082952691276226 0.21478742646956514 0.32302996030025694 1.4485227536662748 
0.014089972535641376 0.01534723826277138 0.040953023324526355 0.08982217856218136 0.14527127196121692 0.07202505629014508 0.18949273953721776 1.4627496353564153 0.21302181610945364 3.977999847981593 
0.021194186590739107 0.030567585369093472 0.06524491652674959 0.06700468771605242 0.10569593704121577 0.8615419313357452 0.17779942310968744 0.15309747646223254 1.4903275544277834 1.5756256446274162 
0.018501877165770897 0.024857009918758395 0.06499853052751113 0.06749821035852642 0.8048761517233225 0.09785959098885427 0.1689164803970464 1.3647792676268986 0.22510269479151224 1.6127236540559318 
0.011198549942115141 0.17330203611687284 0.027519555806425545 0.5781796477867145 0.03220595123754588 0.1110213636244961 0.14058942907195524 0.16616612992482652 1.4775622991051764 0.04264686771147509 
0.013806538825766438 0.020869384483643717 0.31724693930520353 0.11488412683407008 0.11991355351388183 0.12470524418662587 0.12173403256514882 0.10782059963785313 2.4827045763640845 0.0071442300850380275 
0.02043893884823758 0.17466173899642345 0.08076660359477587 0.10630910181056814 0.7147069698674441 0.17128019004876233 0.17559228832573545 0.2345393890026838 0.23436370606348958 0.11076189202689482 
0.010566899445986298 0.022197704952849444 0.03872536640369832 0.07146028038472142 0.09125497075114175 0.05083826130257389 0.9710358626189045 1.0714168478485673 1.2596911447556782 0.008708361880107849 
0.0207350389827848 0.24183339695082354 0.05277283726795802 0.09190741180162036 0.08690578475778317 0.13390890663666913 0.17522019433947258 1.2799243104249702 0.21349286233534598 1.4553176352210955 
0.010353134299425169 0.1710371446256407 0.03408264723805361 0.04424463909877562 0.7860627351661579 0.09220553003020973 1.1554581864265272 0.11020488405422237 0.2152982750319513 0.0425472198419513 
0.1164585471348478 0.016429446519899794 0.3795025229457075 0.0686226435890254 0.10262520575765899 0.051744849006533755 0.10493496881418765 0.09506271627562851 1.353630243672891 0.01325933776427269 
0.03646522323354067 0.034666340027988095 0.08908783055426202 0.12872861434085933 0.18044698081536753 0.23039643257609813 0.18620867764687643 0.2692988503596363 0.21535180639552137 3.9867974493701173 
0.00820718206535141 0.010344962661683445 0.37034934375457645 0.03577604356746173 0.05829157608048681 0.90204142765317 0.08520675162562136 1.3050808926880617 0.1936116751741586 0.0034001687592341407 
0.023178947782751612 0.02909134567293041 0.06457852845067673 0.09398492778243411 0.1104928392694389 0.15048506492724936 0.9427977639032531 0.22539668034341 1.38100822246124 0.22186571171305935 
0.11407064951197642 0.18284025423233086 0.041557401307209293 0.10925333780496099 0.062345519469074476 0.1320282673293165 1.0617857772204378 0.11422224250488586 0.043779994464827915 0.021752731077287486 
0.22736242527343528 0.035483159099403194 0.06802616990847285 0.11446243606250107 0.12943348220237502 0.1467626047626648 0.1949982473827712 0.23004141319516197 0.25581204043600375 0.30588375292957654 
0.02371226604972593 0.031247687295825603 0.3821925271807087 0.1043899312587936 0.12185769020832816 0.1450089436775849 0.15323771702096967 1.1876322676394548 0.19109606448929867 0.20322939611873164 
0.015382037647653305 0.02049491328233774 0.05157162095492587 0.07770141767755909 0.9956845468343264 0.10328973793552096 0.1375274898960077 0.15930187459039438 0.18009861717945266 3.9902162935170598 
0.027899555217781563 0.03337046699953712 0.06532913855177515 0.09296362000608648 0.8490892443682464 0.13751094047311788 1.0835222343892583 0.24322985589001164 0.2417800709138744 0.20949741353594709 
0.01596220253993303 0.011350115689033744 0.03718691608166632 0.049903632264616735 0.6914051637947942 0.21496236218719583 0.11776582503306651 0.11428770516360226 2.7879975580737977 0.01828235484515907 
0.013168254710058922 0.16797366490239882 0.04049766474757304 0.06854725852318602 0.09877414457756337 0.08654963176680716 0.11356350214482874 1.1041735313713266 1.3955430120951144 0.013934650020857337 
0.015411288526111538 0.02066210151692759 0.6260677336847476 0.09551722693551207 0.0988796354299482 0.10554490943699775 0.981385086176363 0.10224629980818678 0.20228992044611702 0.05944267124786451 
0.013210861899715267 0.015161490874191162 0.019433351008233003 0.033171818945599924 0.04933276618964389 0.9379387586387314 1.0600560252709892 0.16621073062596312 1.416265993154576 0.011941740333009076 
0.1289105521441922 0.004796060557827091 0.022970370541326158 0.0449382407418066 0.8422518849642527 0.0759371555160469 1.2095210217238452 0.13336284809599236 0.0980932275125142 0.006285231215036042 
0.022571976878867035 0.029996026920072874 0.07983221641333879 0.9909400923773116 0.1352153630725699 0.1749710132783705 0.18271920916038842 0.22978779512626776 0.2486782756848147 0.19583721531031548 
0.010729773473982728 0.019135410983984448 0.35253864473936103 0.05623797302381674 0.047203061414320534 0.09262700113040959 0.07124049895235383 1.2641845458500187 1.4755491446396665 0.026712389961106385 
0.02078013280967757 0.19368441251773497 0.37398325426260304 0.10657716442531055 0.1266723504554327 0.1408459251707794 0.19705618848566572 0.22422749686185592 0.2267090563763743 1.619100397825067 
0.005274506795693615 0.005269015570318588 0.005692133791919838 2.247611258442493 0.006148684172653181 0.01071860689720321 0.13751773687083133 2.7193226512982585 0.0351295596061416 0.005248236096678733 
0.009697176589237563 0.012097011232592096 0.025791078022128537 0.5151481762900841 0.06531703214351726 0.7259906544117622 0.9862006872447936 0.19254419473362852 0.22960621439649462 0.06873901911028817 
0.023307780370132206 0.03234873735707362 0.06654815978994261 0.5132855682375411 0.6576765237776472 0.1524366011517183 0.19260785239417255 0.2136246577200169 0.2130513765784642 0.21741307726563122 
0.024392691339581225 0.034388927925696734 0.3459903489494604 0.08595993224217809 0.12099672760735661 0.797649479763374 0.18368248005070187 0.23787102648367756 0.20687294043788756 0.3051933619438834 
0.09588200348854556 0.15853590537938533 0.039376144117976096 0.09386519021626422 0.08205471928914068 0.09834678327775206 0.14261672898064856 1.0989652089067485 0.2041732656665919 0.00985728974103666 
0.009740415363229475 0.011916997164314857 0.3836721511451465 0.6198975225558252 0.03981491451619509 0.10040126993821104 0.09167701350331207 0.13721872217134137 1.3345853508080134 0.0047439503610028026 
0.1005967323803753 0.01506831702841805 0.013858027787702744 0.4903247434292126 0.6057421928459047 0.14517103018814628 0.11895146727790697 0.21557297330016703 0.23986048126680615 0.006058289304154942 
0.01258035891251658 0.015095841317358402 0.02411524474674317 0.048948951989489925 0.08366894019492967 0.7719648079956651 0.9772513838328938 1.210163132911325 0.19110722703961666 0.013493104423428225 
0.019760851228360687 0.02396876065278301 0.06262901949102352 0.08214699551047243 0.7472083112573815 0.12572546533277396 0.15570053732612663 1.2683979734802338 0.2390711637317705 0.19483774076484925 
0.019258906534740147 0.01968858868182715 0.05853828887134042 0.49794436502011824 0.09669792436042163 0.11136016499065082 0.12252199638491539 0.1352390229981476 2.5862658635778195 0.0075002350458334335 
0.018351755761567903 0.02500011925061034 0.05759843520714362 0.05339894085939431 0.06809185339851387 0.9813373149980572 1.2971792031660383 0.2352230741497888 0.19082393741543838 1.6605204740336552 
0.013274124001310249 0.017766575807636333 0.3139936870852745 0.07967548528633575 0.6118597388297259 0.7882961968066293 0.12974542990243948 0.17049704857040457 0.12426512561937464 0.06604810798749265 
1.3233227315642861 0.004281916319083647 0.006777516753011782 0.028566264071627556 0.01993597024820343 0.006020269493738382 0.029917589928515665 0.045833904950605686 0.027612870743901077 0.004646610578268532 
0.013514900492868558 0.01561589951244096 0.4360876269911847 0.10289727467138476 0.16202288616230065 0.09012811465256132 0.12553995425074466 1.4322164873311876 0.22182689214052217 1.5839635006958808 
0.09416576775140059 0.11665263815737527 0.29493191205172997 0.08440530414638973 0.11616901674283385 0.13771747886321023 0.11840121982059047 0.2035384571247226 0.24013424257503357 0.03162601755356493 
0.009350686497372054 0.02377125941781972 0.04021888440256094 0.03529941494729024 0.052113819556004526 0.9442062206593563 2.3026482576071565 0.22718555431391702 0.2626163912576066 0.03829471242322876 
0.030723330335123897 0.3454718003226643 0.07325214479586872 0.135331149967426 0.15084639934634766 0.15099139249113774 0.1913839908597027 0.22522689030342205 0.26164892736357453 0.17824553664509685 
0.19985161351715908 0.02107914946853909 0.03725653558998829 0.4569391102504343 0.10187281151403398 0.1539681164647899 0.13448401968243454 0.17628293572680342 0.24446519078944876 0.0038504975161267377 
0.013584373864994517 0.014538790506520769 0.04285141129969978 0.05937668636949788 0.06075601537604798 0.10326772143248668 2.0543184278298914 1.2226247118923022 0.2530074923296267 0.043463324215718635 
0.022056701088214566 0.02915027527453684 0.06564318701927734 0.5333828845792229 0.13715304132389095 0.12592220230961895 0.1980293540476384 0.17195615473436113 1.3394567191985878 0.20576523160627 
0.10604808314851644 0.02565234658019477 0.05410873409256422 0.10758993955755984 0.13603474627009168 0.148575180468632 0.17465476270906544 0.2176745870675838 1.400405546286043 0.16327848765067954 
0.018949260189309307 0.027039893569722324 0.06566496523001418 0.10032484297685654 0.7584611425759579 0.13547837052836892 0.14775474514859063 0.18214248055954274 1.4326840339401294 0.21722261907000234 
0.033413435722326856 0.03604585643052595 0.06946138101568322 0.14348827730804156 0.8736900123726218 0.18699396912837846 0.18757292891321428 0.2887358404817056 0.2402019080198334 1.373040488377396 
0.14347208024778588 0.01752200181116518 0.43024648447733915 0.10381672168995625 0.8856602163545259 0.0041726662277235295 0.026901172535234733 0.17561846521214836 0.03821741949878726 0.06934661589015864 
0.01911597412855019 0.019139497824755655 0.019726301976232583 2.529915308829322 0.019786576142022463 2.0313278867453457 0.052061964413536416 0.03255354901136855 0.042712235461094344 0.05905327763362944 
0.018588124883655563 0.01755513017343206 0.8202882904865327 0.10155358179882056 0.17537259141453557 0.1514263070276732 0.1941570616416164 0.2347311514883543 0.20415373358535302 1.3195017794034 
0.27197175394925244 0.031692332882148844 0.04760496027265406 0.10638810836578444 0.08821658551109282 0.1445599104393424 0.20484532205018555 0.209865812840376 0.23151285859977674 1.4289621203511356 
0.011509943640797833 0.014625744426746495 0.3758658482253016 0.6501671856307448 0.12719844462334337 0.12945153365670567 0.19187612637960633 0.22132645036883009 0.2460151565262356 1.4138769922093402 
0.016882496063111183 0.018160183807486352 0.05915446771525571 0.09268315181647724 0.7572143569824455 0.11060580998152915 0.17653574836600427 0.13499810999331527 1.6555296359350917 1.6969376993613805 
0.09542546039114448 0.16004280431943524 0.09107320060368054 0.11614220309658478 0.12665562846574116 0.1888427180298452 0.18293703533594768 0.21038586899535747 0.22134145040665745 1.1922534837447418 
0.019277702836444685 0.026913261431792193 0.06455896915901832 0.11746221169115574 0.11534101742141742 0.8278792468835721 1.0098796373581251 0.21996880753178488 0.23056398929479063 0.2931216686731297 
0.15873674457707868 0.024756647487068996 0.054642905119257665 0.08193088562126351 0.08589199319795682 0.09377360060122958 0.134849252738582 0.15987734554183733 0.18052578361342675 3.9777814383422343 
0.01534590973280865 0.020363889446047917 0.057868706942397985 0.6695783123573451 0.8184463914723308 0.15381456309656447 0.12557986506571384 0.1597270559854692 0.23502664971155188 1.453536621754554 
0.23775005034967783 0.005129311905838343 0.042078053251698416 0.07666406541743305 0.08842639181045944 0.123546000663662 0.11527525433089086 0.1353670982795228 1.5189918593345983 0.02415725974598021 
0.016817702760611675 0.21577602360494266 0.05455699196506671 0.08776063660368948 0.11118388122120437 0.16177487833065482 0.15281218825314655 0.15641971532751223 0.20628327963658113 4.005043593401194 
0.03069397291174015 0.04852275360080514 0.04734942105650299 0.139919026244634 0.10238075094288707 0.18946076082555133 1.405713772984354 0.29256718968134077 0.3311223584350748 1.7980775961514888 
0.010762603166175168 0.01303659814611971 0.02695371775268484 0.03286479625785689 1.6384366313235108 0.10210493825459943 0.12059070626138454 1.4669381735777693 0.1404077304622651 0.0077917946869509105 
0.1285405820580478 0.02069687218375217 0.05912153056893585 0.0702545938820657 0.1418760081990997 0.13336571131405411 0.1787418780829091 0.14396828535946463 1.494119043951959 1.4707275315540937 
0.02438778240121127 0.04040745904904344 0.07831379231365211 0.1247558110079359 0.17073754740399186 0.21198526298043274 0.17426240911031962 1.4348630100726651 0.35421391095602267 1.3461633400982702 
0.11508179323327697 0.6400689377533426 0.11503625897423225 0.050764834090005144 0.04830771123195953 0.20148724162577658 0.277273196035359 0.36362818925577345 0.067993175980805 0.03874598222022661 
0.09901205915981715 0.013356750831329828 0.3151684790457135 0.08759920088650314 0.08416599004062501 0.10129005442546249 0.09279875127406872 1.125091428726139 0.20315200743238218 0.03351182702431391 
0.026792274070399313 0.03464214460257261 0.07830974716044144 0.10926910150418812 0.12432594374945272 0.17029674797378258 2.201566235006207 0.21137953369028184 0.25066055853189756 0.22592516062209278 
0.017961868862312744 0.17265671830828164 0.02909252351135911 0.06598916680727458 0.17710319763958998 0.12163260318642662 0.10013778359675395 1.9522481593903516 0.2591567768176795 0.0397588803393037 
0.2657800496950893 0.004880008990865329 0.043084074880839124 0.08926255215802513 0.11232409127337502 0.095748644316669 1.2209587386267515 0.11391594675598378 0.0976172914194562 0.04013258143559545 
0.00967728673792721 0.008598564061678336 0.018392950517894784 0.01624798409779323 0.8524793943344452 0.05236711468924127 1.227264683632026 1.433251615516882 0.1588926425975171 0.008608664238222347 
0.1591792871048624 0.005432775804504441 0.02794615614824841 0.05515879957814749 0.14944930417862698 0.0670296445180127 2.5021719536302074 0.11511175400845909 0.09327480140898499 0.0409787303259886 
0.016068096244835055 0.01820009408178534 0.03807586932923113 0.052569704315099934 1.3055442113571698 0.13534941871774686 0.15022595501989996 0.1600138146916418 1.3485512148587373 0.015529400692529737 
0.0174998150968809 0.02817942977148529 0.05398358753100419 0.08550334396798204 0.11626510624671978 0.14448589753035906 0.11893730992701786 0.9739343339979238 2.108733920963655 0.008988201808033188 
0.015449265182568263 0.01791740522111741 0.047972925664379294 0.07380705524097161 0.09107137091267892 0.11749420779885714 0.14757239024867952 2.0743510866912236 1.2889125479339383 0.044469723888969075 
0.017448816492678123 0.02480191383510863 0.04938137567063686 0.08648149970850597 0.08125641221475327 0.14105072078844608 0.8145294501425023 0.25216515917655974 2.066031782505282 0.04019510852837363 
0.019425469873998465 0.028997905152493238 0.04390355098077085 0.0854321768669756 0.15817533073020038 0.09640239901746679 0.8757434073020472 1.7064882387373268 0.1908576795260292 0.020457975813507154 
0.014539709679397213 0.015607339769453641 0.04727841985332271 0.06585609313357618 0.06733457471841572 0.11490984515998048 1.9504648062307721 1.1895714386078566 0.21356552193762177 0.043329650729907666 
0.01723853295906701 0.024630107360800423 0.05037553386337677 0.08666063153178119 0.09737762432748838 0.6633997983229195 0.1447310343262091 0.25155488030455386 2.082691794824206 0.03637165561159229 
0.012695685542404234 0.016761462029949152 0.04241453005893184 0.06401890143143961 0.06599346117701578 0.7253670270942117 0.11892464950545326 1.0560073991756613 1.3280591271684008 0.018770090306833027 
0.01653754537306331 0.025999766182048942 0.058298133256288895 0.06665270929973974 0.09324491330296025 0.6875292326475884 0.11435090727814166 2.034726874386382 0.2556125357543244 0.015935005326418353 
0.012152716010564918 0.013910094200377938 0.033386260102721596 0.05906543925825038 0.05157036427410705 0.8250174883133944 1.0339084828727978 0.17052144057729413 1.3016739579721466 0.04534783682689525 
0.01175385884215857 0.014046943891154155 0.03006213572581328 0.05004750798022099 0.08561366915317281 0.7906842361138577 0.9373454565278821 1.2022964879940037 0.1895354691713783 0.013492330838341018 
0.021497741857004662 0.021067204593439116 0.05111450736291394 0.06902085092961521 0.10373906731307578 0.6584403147283486 1.585668643908789 0.20687117450375664 0.21326236953781946 0.07953607323640824 
0.011331116353440923 0.01315249572103216 0.04727322133687668 0.07317944731299268 0.10674551564321641 1.5734783780056298 0.12486378871263958 0.16752878015936953 1.4138574959157406 0.017549940553381882 
0.012654104376720123 0.016305099299167968 0.03714740989011895 0.07527268939411515 0.10759570321477065 1.6178238845038957 0.09309537983605327 1.1584795221721635 0.2404185278772594 0.005395571908603315 
0.0144568213003382 0.016988321976242813 0.04909694934759519 0.06661231403499152 0.06909153170612095 1.5192348438533354 0.9904515480626419 0.17763685579590338 0.22700857057280963 0.029880708557941636 
0.01923453961573754 0.025526895599145213 0.05974908149672752 0.06760448830721069 0.6600753545817921 0.09629478308331127 0.11349179756774445 0.1404920927448248 2.2129091083080925 0.02255498113294156 
0.012254309930789329 0.017701943812693317 0.039695530710846375 0.052590561430754884 0.6610300059909235 0.09976190380573076 0.10561961593510731 1.0364718733476286 1.3692724646490335 0.033284249171824556 
0.017388242818521093 0.020605171364004575 0.05719401171373265 0.06363739458168192 0.6282608497432041 0.09886331816440444 0.11008211221155732 2.124712466252046 0.19904471778240668 0.06264329180080759 
0.013032823261612305 0.012514661809763366 0.033537862847847585 0.04724420922583612 0.6816572359881551 0.08115955981861445 0.9885845974392529 0.13993957594408651 1.3444944919280009 0.010194355037039395 
0.007247062117188377 0.007038669489749615 0.014631556181790984 0.022821325598352087 0.852835605936944 0.0497310446349944 1.2054680112700167 1.437603935702048 0.18202518093634437 0.007607111425745208 
0.019908880884217765 0.023825107781580597 0.05372027703523864 0.08770886403023015 0.5629102023826719 0.09687470518461326 1.5970647809472254 0.2046315498983607 0.22774583200650028 0.007887391868903458 
0.014134811457325789 0.009494584680460329 0.03555647129421654 0.04838756030372532 0.6562293452479344 0.7733057506628371 0.09626168245391811 0.14839250448875219 1.404184153290855 0.02365969170065469 
0.01194283355971575 0.016019921607461754 0.03772094739276576 0.05039981541234943 0.6749092272923694 0.7513131443563905 0.08600448976230195 1.1987019700651549 0.19330897844683462 0.03337649916507664 
0.01612225862110185 0.01952841092032538 0.04405274689962237 0.07784409183176867 0.5813324127191059 1.2233080705801782 0.18845540303502128 0.2577040672021764 0.22037295507658564 0.05885250924630012 
0.019802915809910275 0.023356432928002505 0.05701870068950905 0.06749998289476251 1.0687766859073045 0.13183905418097625 0.14919348900274812 0.18069886877847702 1.1578552899508407 0.06051789048735767 
0.019254425705338342 0.024936372117754648 0.05214736263956908 0.08232765490011032 1.0819597164584838 0.10380305866489525 0.15334329128248733 1.0160356272405744 0.24008746846953902 0.006835343799619607 
0.014612650039102826 0.01712006547743686 0.03925512568501939 0.07239488561311348 1.15811908000207 0.132843523020174 0.8968688649352005 0.20312210999347607 0.23704126852396246 0.029369928532805217 
0.014839136888473041 0.02226179446431412 0.052215876927857556 0.08552713939738932 1.0909344572039938 0.7015588482816818 0.11975863928577705 0.19853378905128036 0.2617305144737077 0.018864077850559102 
0.01601684426128997 0.02102844991174649 0.04988261012468129 0.44032079645983596 0.12992833601877518 0.13396121608415912 0.15792154118362908 0.13641265557094387 2.207233223638956 0.023071257488582186 
0.009423931697715281 0.017059902422579477 0.05039292954069625 0.5443695547057016 0.05021722518172598 0.07249866106532996 0.07523113257904253 1.214454296226221 1.4104554523977266 0.033376434224529586 
0.015766797070269015 0.020361587860803353 0.04446727436534149 0.4289137252920296 0.10315895437169634 0.11170593243657631 0.14564652528764463 1.9403850056304905 0.27452937011411177 0.022445372594150546 
0.010453854088313282 0.011829655525905232 0.02881441717119952 0.5122009028731555 0.07269986927646768 0.09044035047533519 1.0071604341031184 0.14964448610927575 1.422601936066669 0.0172292807901376 
0.010528314488102474 0.014382212482009767 0.04199216983953771 0.4905090405429523 0.6427952619967321 0.07175819840783926 0.1417537866675797 1.0814843292225482 0.19444326242360305 0.03385019267964526 
0.010656616077886504 0.013197883022348332 0.03380569635405093 0.45167566907638246 0.6164373444141237 0.1011176704799811 0.8576519966956756 0.20286608244433155 0.2402556156094259 0.026715507448455807 
0.011689817518628322 0.015413333751701721 0.04321929067244314 0.4970234073162775 0.607459637916356 0.7323998492155364 0.13151240003066228 0.16552298581226654 0.18890021940113536 0.03489085773116286 
0.012844386767383587 0.015420935945011583 0.0380353027605043 0.47561467922516404 1.1268859353543892 0.16893422312793074 0.1267685477091507 0.21143150632508198 0.23948106448751166 0.0058199801879553325 
0.014109629699943341 0.01966078394848985 0.05373562627154287 0.92229385744647 0.09421191978547669 0.10957522837428732 0.14986151704382017 0.16104199680489545 1.2679387984613895 0.043276588745330136 
0.015541917417136588 0.012828179135577107 0.04517831548551022 0.9608866937480637 0.09897564332853703 0.1037102885183201 0.16170207558071947 1.0573820881073583 0.21562437575885116 0.03053565331758328 
0.016592041979917233 0.021173213514175566 0.05826091208379633 0.8488368102683483 0.08883180301607678 0.10102304449950732 0.8575549253523331 0.202771127580184 0.24016929496799122 0.02662119824331667 
0.012774877033554928 0.02006097119825813 0.051095059299416025 0.8221665373749554 0.11176253162319563 0.7283065504211395 0.18671996450374304 0.21572077006520118 0.2133681482924906 0.011411192784238097 
0.016595287889789343 0.020687367230080616 0.056198743701960735 0.7610771292941669 0.5427118901570164 0.12612536375575265 0.19585496235859923 0.19963706196442702 0.23679857496346432 0.07601409895285058 
0.015989269783902537 0.02426974487771279 0.28747100204977266 0.07886148873080208 0.11960042250935474 0.1353155546597145 0.157418223374575 0.1873374136001894 2.2005066107817015 0.005632231889652283 
0.01279208130112455 0.015701301915518016 0.3403292422471738 0.055704910590578936 0.04662029465866311 0.09263675513920668 0.09346321302695312 1.196048807476637 1.4350259165811667 0.032906062462303466 
0.016047400966918472 0.02032982297596316 0.28347293563726933 0.0969801872203894 0.10793754788048227 0.11640129021703849 0.11489178371748285 1.9486800101585258 0.25911240151784226 0.015676462466437786 
0.011345276015579005 0.012076945326058618 0.3325946810938323 0.06508179310716816 0.06813653143673339 0.09525313696333886 0.9207111800944078 0.15955512000689445 1.3608057203861188 0.02172534628963819 
0.011101193027688989 0.011160599634310073 0.352330353722234 0.040208585737598036 0.05910604498548836 0.06519577385561573 1.09722215834952 1.2351986552015035 0.19340797027750883 0.019132599269043198 
0.016002277831418128 0.024849563476793114 0.27730792463784437 0.055663250783143964 0.1166920205676423 0.10751341637219614 1.714275181682621 0.2291806932329246 0.24780445533245554 0.041880771543495045 
0.009455657336150053 0.014211924221860458 0.3518217497159042 0.05899371587728695 0.0620654538433429 0.8792921906439568 0.08181140218203545 0.1629486806262329 1.466774760001781 0.020344436828636153 
0.01891935366410171 0.019397257947109645 0.3189125391473224 0.037512614076794876 0.11447861223276995 0.7263196750043732 0.9557952071288219 0.09273120690711907 0.2074773399815243 0.015582241024497057 
0.016522611334511585 0.021411653506012283 0.3211380474592334 0.07088276566378747 0.09968956913068093 1.5350168674101539 0.12011457053095248 0.17206810382333676 0.22280544072335315 0.007261935386649021 
0.010295673893073292 0.01233742621350042 0.28747475842960946 0.0629026293456638 0.6642975497543754 0.09662310923261266 0.14500010027590726 1.1631703825742439 0.19066889918991778 0.06835232559603928 
0.011467374177830454 0.01572123974695191 0.29628314825275676 0.07445417409396062 0.5771575831246591 0.7417059220642399 0.1131253179841716 0.20590844652694412 0.2122320900131858 0.004493494504454082 
0.013067460245813184 0.019386246202210262 0.21689516581199458 0.10228767332657245 1.0573990763712322 0.1443082577664822 0.19734972913391624 0.3107321183563619 0.20065316034391203 0.04069350321011639 
0.009609594935880811 0.012005345205258679 0.2897641415597496 0.5006754122492577 0.09856289344031925 0.10029530158494543 0.14829379221571226 0.17093825072815416 1.3009955039556667 0.021220925433378845 
0.01647616445260195 0.016796012836908583 0.2900591914411446 0.48540042212634193 0.08567704085731305 0.11415639635740546 0.09177823786918196 1.0761784160164605 0.20160964179142266 0.05018135148680574 
0.010439499001917957 0.013328118140100096 0.3178807249449411 0.5165703910227815 0.10610914166339383 0.13067083305566832 0.9437749175311756 0.09174403192183594 0.19579429267380905 0.006976974913513265 
0.011813814998714044 0.016160084438368853 0.2823726419139582 0.43331130064585177 0.11922455140000614 0.7532057230449953 0.12457044502828755 0.20619780214302091 0.16441040149871444 0.0644650644516365 
0.015121249641891269 0.019601163364262632 0.2678000536060565 0.43505714739325446 0.5784460927822579 0.13646866263318663 0.12830778970619577 0.18868079307052382 0.2055672404344893 0.07250323047270991 
0.014638177201866515 0.019208105142236035 0.28349414307905474 0.905662659006849 0.10854133127817825 0.13136560457988591 0.1279407364171242 0.19887703518573505 0.24593229422316124 0.07554940885066284 
0.018387506072977695 0.01667689922452507 0.5758080096515125 0.08599080787560123 0.10724534090833136 0.12973629131955847 0.1446935162909256 0.1523184692872624 1.2662552966260834 0.04128804485204047 
0.014446754946911174 0.01886163228052926 0.5812386505124142 0.06408983490762944 0.08599893824837988 0.11783598575351638 0.1931590394686242 1.1240699698132113 0.25997306497074796 0.05489194537830014 
0.019417996554551356 0.024636286557464516 0.519338370164323 0.07553593354512084 0.09366241840919688 0.12309464911962362 0.8734433520692948 0.22557097170591084 0.23948918627738872 0.028670784744606322 
0.02001528414777439 0.02767194454302517 0.5264740470934363 0.09227775678889272 0.10042038048950626 0.7385041306884881 0.12251295462921363 0.25436745911042197 0.16532411632955218 0.013866372159762545 
0.016698317868793933 0.028201568276349852 0.46769440777624055 0.08602746031572762 0.527812866323813 0.14818833446274493 0.18219059463239554 0.20263664083347635 0.255334459628146 0.06549152470247493 
0.01306943304531081 0.012378913430994279 0.5678500366763659 0.3959724461910996 0.13792918967275408 0.14461564503935248 0.19438277608128934 0.2351942699015418 0.24135989290026807 0.04149906535363204 
0.016369361522390845 0.15132342279856195 0.02571130077263288 0.16646606177637413 0.05348924219633712 0.1150097453253761 0.15566191321355585 0.9528290210184339 1.1762050721765527 0.015380436806511842 
0.017618871034006896 0.14727810116436899 0.05446894243294123 0.048776329840845185 0.17662056727787565 0.07166657576472525 0.7925728836337015 0.13493454567126603 1.3683839735268284 0.023846241837170358 
0.013733305183454522 0.16614874835047724 0.026001562652182356 0.04760017510272306 0.04202287472452087 0.08998493334475273 1.1672957245185682 1.2359555487629563 0.2437304256415723 0.014632445526882533 
0.019441247319236354 0.19196825379241012 0.031877156511297806 0.071995525476571 0.06910291851628102 0.19979877891780062 1.73817760968879 0.18829950837048123 0.17334036906512207 0.04127554771159799 
0.024641901468029373 0.141960451488402 0.04910206700623265 0.09732471393016776 0.07450051073886871 0.581824740699843 0.15523717383384308 0.18171574310971395 1.0781313835613138 0.05250410195935748 
0.012253181622027261 0.14859601551780674 0.038823473109978864 0.05826735595747564 0.09781903952784275 0.7640963466614772 0.08249853798267709 1.2322025661108325 0.24225471359033926 0.01936091097252689 
0.016831703287569614 0.15185724740834416 0.03486865493878258 0.06232467811325016 0.06532802741284106 0.7938089953925845 0.9388917740607288 0.2095722104127792 0.1583073403395249 0.05771958851475319 
0.02261768266184018 0.15062400531091522 0.033906249936056045 0.057899197823668154 0.10997784581271772 1.3676590668949788 0.19935038214575612 0.20544795780328404 0.2583133392541242 0.018565167061962276 
0.030764039471403715 0.18386335409032517 0.04285347355745629 0.0772193519756185 0.6266370434206768 0.11151922461268476 0.15573002818924822 0.1887667079323299 1.1682740070149942 0.024954616423705216 
0.015196065585993937 0.1780930732709148 0.02805966659483786 0.05154573600900955 0.628196083531232 0.10799634621582717 0.0806783016011082 1.2332325716616552 0.24437238085420337 0.0539509701810901 
0.01720498493603223 0.14129038022029075 0.03399804550468302 0.059350283216307385 0.6163035521920894 0.09088444846748031 0.857151711931397 0.2047087138814882 0.23993986356567357 0.02625834137110159 
0.015969603119109686 0.1529284354804174 0.026331680969766263 0.05841990849397108 0.551130186538133 0.7768950662358847 0.18586728898839416 0.2121436917936837 0.17508451999003982 0.040380326673865784 
0.023971251297338972 0.19131142365517684 0.024466109695891955 0.09349678062559619 1.1487912762424057 0.13864482795061564 0.1960355051694218 0.18468465081058788 0.2201499125062032 0.013690396124056243 
0.017361008413607656 0.1589080735526087 0.022515221934503605 0.4944150434182778 0.07920625515114754 0.11381549244993854 0.17113049307403216 0.16561306429608527 1.314623383442013 0.029634143654344327 
0.015129182962925623 0.14422098661427335 0.032671317813567476 0.53119275559563 0.10688627164712729 0.10759067241546923 0.09015194337767117 1.0040328739519875 0.25588541711109336 0.009663575047832513 
0.01594382825384611 0.13936294217383657 0.041378487780901065 0.38311335633797466 0.12061544474675898 0.11067978662508836 0.8929432041109188 0.22701635125322836 0.1941830004917961 0.1488513656778746 
0.009926668876491329 0.11593674087636484 0.037875657971146746 0.49427730650749196 0.15456161752326597 0.6664265388790265 0.17123403277101018 0.21978223548572237 0.24416031727060572 0.015280177655315936 
0.014755791204906792 0.13431059187503322 0.030961696013070972 0.49549420206327494 0.6043099809051905 0.14660868714325925 0.12375070795762386 0.1790558270863196 0.2232590082881094 0.00993965502477049 
0.03333132824553109 0.2354944820112675 0.10283963653063657 1.1238175005706799 0.003817701419883349 0.015308521540811531 0.2528808472182643 0.31592332803312156 0.019830428115941465 0.006475277540200754 
0.021470754705567585 0.14016393992308027 0.32015364471806096 0.05828829911313681 0.08055268031315163 0.09669288578618197 0.14014775950983702 1.1243376758705443 0.20330157209545177 0.058478267650471476 
0.011331467468705203 0.15579358781185287 0.28301151133873576 0.08037277910780938 0.09241261059156022 0.6897529566890659 0.1681291059606006 0.22720920645042092 0.2400987503709946 0.014378202456313924 
0.01725525522550742 0.13591584393217052 0.28206450700668384 0.0797653289244586 0.5979673056351548 0.1405512977012851 0.09075666567858846 0.1798848920190329 0.2405758150806076 0.01680992454839904 
0.01363572893120453 0.12700617807886275 0.2683649289149994 0.4171678001293585 0.1388361660573926 0.09277842767134753 0.18702547137451844 0.21729257350914621 0.24208629853071792 0.027327977727929133 
0.031413879983238954 0.33272558978465844 0.03644248643969315 0.05823698490152454 0.1507491949038673 0.10910981330880615 0.14871127802692247 0.10768007995428899 1.3087514365908821 0.009952370354967302 
0.03237693535118301 0.31915091877961055 0.04691861645465551 0.09451622803020437 0.08111702921316606 0.10738957535042828 0.1526891990117665 1.0558376933172027 0.20321553202479817 0.019656862775815118 
0.016511895360466964 0.304087724152002 0.07375644641489933 0.07366909118640881 0.09359177325095218 0.17554875381975554 0.9148472108894744 0.14241510899818322 0.23088158486438298 0.023894242639032497 
0.05136851613406554 0.45159462271009815 0.006879057370732425 0.026726671599808148 0.11967421379182813 1.3667777582045941 0.038391930330938115 0.01475689927884768 0.25907669586494975 0.025399796137787416 
0.01531738246081239 0.31016988032757076 0.053541315288142766 0.07540991063935916 0.5313506568169453 0.14927311759932274 0.18608792301036728 0.23359772145323934 0.221450423102618 0.012626451575083898 
0.03637255849759122 0.3826451752425359 0.004313026408586531 0.4216761912833235 0.2676480968151357 0.10907073726700037 0.007284350496144245 0.3850262236328452 0.2421694044405404 0.02904149882910352 
0.08951105267432465 0.02288725776445039 0.043584591212944494 0.09152637405790748 0.11962762206698778 0.13534803837438558 0.15717894285166914 0.1873447511004847 2.199964871888934 0.0056205747131880405 
0.09927781815045869 0.013838231082233372 0.048825456588036414 0.07511631447269823 0.08624630704012927 0.07595421155407156 0.12187692756449821 1.0733976767266478 1.2413723301847068 0.04177368947989047 
0.09602649365522757 0.021939291968095024 0.06508538956553148 0.07668912077811646 0.11602710468628076 0.10348157899125655 0.14172130656956716 1.9012933366814957 0.20757242880910245 0.006087622072602213 
0.11731338158700108 0.004797372270696173 0.03633716815559618 0.04371409672931814 0.05046366104658136 0.06816741552086594 1.1671966890406646 0.1524180728052077 1.5239006587318369 0.02519757541112445 
0.11584860473941938 0.007745120710198762 0.026570158790547665 0.04858403197257742 0.042899500917400496 0.0917836909751016 1.1708509324778091 1.2524678746073767 0.20704862003626393 0.05391890559309748 
0.09250632074698804 0.02155031075477573 0.061592178995568465 0.08302304828632266 0.06395625616716527 0.1279687478499013 1.6651301867242485 0.2261163404633067 0.22322280282893567 0.057175270058419894 
0.09937646935938439 0.014276196506376768 0.036298386633730494 0.04467954890662855 0.08147041435927005 0.7679309495809733 0.13784413274911547 0.1581852612374674 1.3467583125947906 0.030528023420859928 
0.1074540539965247 0.010619973166038263 0.01961854671735628 0.05544989736633106 0.057240827021712445 0.7952185541000734 1.057615128457062 0.2071919856917168 0.22363245990980593 0.014138633110217914 
0.0955523183889525 0.02116247400805764 0.03411377763591063 0.06967498418568967 0.11173711961915139 1.3948429278238084 0.20331702239567534 0.20894495675194663 0.21368347948014704 0.017609104423604124 
0.09339985637119065 0.012082593565664879 0.03451926081561151 0.06734234472893606 0.6505527582726617 0.11082797909381874 0.14311204546995793 0.13264766500926106 1.2731048508529674 0.021761789434982137 
0.09322874485895662 0.01400259949377635 0.0361758284722392 0.06864158927045494 0.60191164462052 0.12950436553530206 0.1437258879371436 1.019344214873172 0.1969476382114794 0.005990446550298069 
0.12665128530578199 0.004487066299246501 0.022375794333650792 0.0439984724913516 0.8287835318726875 0.09573555475463247 1.220945649064715 0.11390285719394724 0.09760420185741966 0.040119491873558906 
0.08617960119778967 0.022008797409290702 0.03626962976990792 0.08492051043282726 1.107731893875018 0.12867885176410288 0.18378820299157891 0.19863144347628606 0.2611314101933169 0.007713979682052926 
0.100624129571006 0.014162887898223193 0.024863100215048898 0.5161652946773225 0.08080811486794616 0.11426375060396281 0.1667406891878386 0.13915494497667238 1.3311465604243016 0.025090005834562442 
0.09983262084533963 0.012316549648136872 0.02280121579364852 0.46705754214438255 0.09523484762114746 0.7544806760208732 0.1180033462364667 0.1801112581106676 0.2398956919243189 0.017058352438211525 
0.08745948203526045 0.012661207984087704 0.019977063909015748 0.44971086036953084 0.6022720775515593 0.1384696004783871 0.18714816264157721 0.21635276924032623 0.20857251013983796 0.015534402949021354 
0.09014079633588445 0.011984112265004624 0.036270355054060746 0.8655720532537355 0.14124122139975984 0.13575227124808367 0.17571725861635876 0.23103230565091792 0.23890311100226877 0.021742543070379594 
0.10042563962619375 0.014936066789346975 0.33095947442052803 0.05982505143364711 0.08948044467667673 0.10631546554015042 0.09883669806586015 0.16845794066818431 1.3529137494091936 0.01254284350057531 
0.09048521748246342 0.012086014420697299 0.28673594977030153 0.08078039103250122 0.0975896100121228 0.11282466181913135 0.9049517683088534 0.19399895067114206 0.19829761375636282 0.02197204948025639 
0.0926726177301638 0.011507451890880559 0.2797798925937975 0.08096269296145209 0.09683751618791141 0.7580190274841885 0.12922848586631122 0.1762519928376013 0.2443212208461135 0.005917679642158091 
0.09442682249973927 0.013084696272616991 0.2823435268404356 0.06911640776202621 0.5798242381816047 0.13752764738348208 0.13435752059388748 0.15684372965906548 0.25146793543427465 0.06956546515719925 
0.08677345411460168 0.01174430829585393 0.2800421432543085 0.41775131860387216 0.13577944969301128 0.12677213062840204 0.11157838161074957 0.19130107485929632 0.262422680632907 0.01662631066229736 
0.08046555880844025 0.01530976466851371 0.502009804525693 0.11047237271815089 0.1243254574615914 0.14884701945572537 0.18368646546576475 0.2266562650741288 0.24256861769215574 0.038501127037650185 
0.0891927322982653 0.14678126504095468 0.04558307138481417 0.11382756267788571 0.0843387456659304 0.11652662281098129 0.1431699299337519 0.13947931233372116 1.3322569354540486 0.018069153007552765 
0.09234012076016693 0.15343459706797852 0.04572919506846201 0.09393267616239323 0.08038090891529194 0.09859993268927973 0.1420391292520086 1.075679277996996 0.2016348889598657 0.018076219710882652 
0.0991402418595392 0.15935747228176095 0.04643741086336124 0.09870117470483372 0.05593500987898408 0.11946522693513216 0.9995025667061215 0.10408582433648705 0.17899354508554227 0.06045286260119955 
0.07568923984732828 0.12866900799919728 0.058646739919249326 0.0888582214073726 0.09672954766680966 0.6521222887519232 0.2006983489358879 0.20448066234506113 0.22925110901964285 0.039213140602134745 
0.08565387061216866 0.11615609633961833 0.05900884964801525 0.07897808561814149 0.5614644519867013 0.15641513446147678 0.11524928610970517 0.23353580509019345 0.22138850403022825 0.012561028782300183 
0.0679885089710584 0.12214459866626129 0.2878240932769283 0.07149516263095097 0.12392118344813584 0.1298670106637006 0.20647381818562396 0.24198539709328917 0.25725864706434665 0.045693795594439285 
0.09652332028849306 0.42709824986185285 0.143126046240046 0.061693412440513934 0.27456940672999913 0.30550187159409126 0.2842034641326398 0.29340814900574314 0.05605675304981276 0.04592956691698822 
0.17448197302972965 0.02128146703811953 0.05725722474796317 0.07636355006293638 0.13970325938575015 0.10446908690733721 0.14192496227188892 0.15315979066684618 1.2788521852722365 0.04318284610613684 
0.16818392965286788 0.02397494503472307 0.06465352894527518 0.08753927565590919 0.09869704402394973 0.12673363137591198 0.15047637007880618 1.0032245012902272 0.2580572197446721 0.005572481694703467 
0.15921819638588802 0.019487856269424453 0.06153900322595989 0.0754142542670682 0.12820393046261966 0.12213512224209996 0.8556898939624349 0.22575930145331363 0.23923472286566308 0.008599216040494148 
0.16492935597604408 0.019986669468695078 0.054029213027732025 0.07210120638852921 0.13202805823508584 0.6474889442991322 0.18372385979354838 0.20162296208663516 0.25337706083820305 0.04288840309141394 
0.15738096754132083 0.01878752922639896 0.052107762232288024 0.09658176406463714 0.5750496459117165 0.1278916455859689 0.18410218765483638 0.20209157267838088 0.2539052476182988 0.005694620869538467 
0.14620008851798058 0.02986528646395392 0.050273167804931185 0.40255451507649054 0.12231383172916316 0.1361989104915906 0.19459950951196628 0.23071207474693295 0.24084430031215365 0.04076935281622092 
0.16205706348981097 0.020345738410440403 0.2792761093552933 0.07219675367550842 0.12512780836693607 0.1311309133256415 0.20829288829836318 0.22270736077420442 0.2573029961995662 0.045738144729658835 
0.3283675163007655 0.40453460283721016 0.005465196491261403 0.030966998163853 0.03384260562372567 0.2035499748978154 0.27886152659647256 0.03328406185103757 0.018835069533103502 0.17833291011939573 
0.025135919056963663 0.03134555324513526 0.06770338891627793 0.10808196544336567 0.12440186615240553 0.19785488633744652 0.11557367559946827 0.16900763995606422 2.7236911515923294 1.192992108633294 
0.021978063394993086 0.028480378371715194 0.05486878931071046 0.09855547876480172 0.11822568360502739 0.1686931344108397 0.11581956876341919 1.1358839167629824 1.2841091101020576 1.3954440811046402 
0.018359950290898402 0.022264460388800002 0.05704651917818604 0.09408764306939169 0.1201778868835111 0.09240385258301745 1.0758958247601462 1.2049297714593514 0.2805303063923812 1.3985908789647825 
0.03409253587203135 0.039434875304623654 0.027299191760661874 0.10477134508571022 0.14926290100491987 0.17566570376213617 1.8268853455831244 0.2608499610132997 0.2422955342794897 1.104393283605164 
0.021114176193134875 0.0311380621466588 0.0792641362569758 0.04933368580735093 0.11096882193967705 0.8620068146911 0.18070786438374747 0.12173222689698801 1.4895671693995123 1.5471191303536191 
0.019021191903293138 0.02739833435958135 0.05656685165273422 0.1175287013438291 0.11747504169157766 0.798329864084761 0.17356267405893966 1.1502207573609713 0.22286032433775327 1.322264064061887 
0.01738312201904034 0.023183003604712947 0.06422351247298859 0.1064230574431875 0.12388629609830178 0.8313918134639101 0.9926840664899221 0.21569516770970376 0.23317367742351622 1.2448668766283435 
0.01710793123132387 0.02231292832765789 0.047717365339027255 0.11558362274116912 0.57759296761691 0.22282251642372675 0.1984009747209868 0.21412003764020254 1.3537003672804224 1.2829140980291327 
0.02667676000119405 0.028350336650026325 0.05296560787711 0.111246374609807 0.7250948263855436 0.11156603370684277 0.14251500779236817 1.16369688076175 0.18647049113992706 1.3554665406342339 
0.023761815802589212 0.02764644604232007 0.03946582442336195 0.09855989702924083 0.7238807387020297 0.12980913984814849 0.9503592343995011 0.2143338632533644 0.23078887230887207 1.4102588352563394 
0.02352775375826865 0.02514660019030733 0.06860987600519315 0.11307113502969808 0.6861704540285188 0.775801773564939 0.12732710791033336 0.18869444570723104 0.23100962169659164 1.4200164356548641 
0.01761302052764127 0.02721043045856727 0.06913287995849705 0.12642935368097521 1.4365330040096305 0.11272789487771648 0.18032902474491305 0.19637014112906545 0.2806293758122109 1.2397292488536924 
0.022929454806455835 0.022482376367352026 0.05542446545745533 0.516950776383177 0.12897384006754936 0.12037655329371286 0.18891487269400534 0.1802234715558164 1.363173915122516 1.3655693538949014 
0.01895468378111287 0.026184911290142145 0.06040532083229158 0.5080731947565023 0.1431252942002618 0.12432919711874528 0.9562227599214175 0.16964048646396987 0.28136198107761345 1.3906014222492133 
0.01894681109358977 0.026158008316863185 0.0605216558289367 0.5074508320914989 0.18174997612207192 0.7935885745578035 0.13128630261935798 0.18262237557898153 0.2961313832444952 1.3104898090046682 
0.0184283685878445 0.025639170050322048 0.05999955176320679 0.49912596167337636 0.729310054547193 0.15990303612578569 0.15209216399165787 0.169053060134164 0.2971766508002924 1.2341731280510997 
0.020023468368731194 0.024136844995660975 0.07110541508464402 0.9994388008390584 0.19007297722512695 0.1437152289112823 0.19565730066063308 0.19666887106509331 0.2345070302190403 1.2496749962707199 
0.020614230469727008 0.02710427656042687 0.3634478771222655 0.09835005981170196 0.09970524659758012 0.15897024868876128 0.12956117376527054 0.2093773203637094 1.3929850029444713 1.4454656606864649 
0.021485113117436394 0.028277152803319987 0.3407857784912684 0.09208974157705596 0.12659217057718478 0.12221403989956263 0.17465030290988712 1.2380709425939993 0.2558369624905969 1.3510678463468149 
0.021875690152716783 0.029792709288403517 0.34784302486809804 0.08441070524986169 0.15899292660900397 0.16160058081246528 1.0656435252527046 0.219499263096812 0.1037122577681546 1.256824119893614 
0.023877599068904947 0.03374544089243105 0.3396005115266729 0.08006723806987368 0.11942758624079268 0.7935840261385091 0.19467424050121868 0.2333621606280319 0.1961818498793431 1.3253349749186463 
0.0168796400754416 0.02331392341231194 0.30654126140940263 0.11880968583785138 0.6997350101423474 0.16445250341828038 0.186416258415104 0.2256195074611771 0.22893371457640538 1.4668629265710456 
0.01804849755649993 0.022093442004564857 0.3078936491684772 0.5171952953779806 0.1192869437505368 0.16483894045031544 0.26660176924476414 0.22228099779217494 0.23474358844781631 1.1987285602901487 
0.02045858111822782 0.020119562276100022 0.6898672549238355 0.1135986258303629 0.19217897386412805 0.12150533859281107 0.2093331287134229 0.21795899152585652 0.28003799672105856 1.316997932715349 
0.019326979792541384 0.18899972720466174 0.06885178432472136 0.06037015551644561 0.22846651993219202 0.09046746140621488 1.0383532000719222 0.17365553416149 0.2536995258832599 1.440858015183701 
0.021713162007104957 0.14111382290362431 0.07414565597887045 0.10199032297846264 0.6744642741697985 0.1597469667163323 0.23119610147746358 0.22875818015990104 0.22822677827677043 0.9810413625431726 
0.02254325557952322 0.14639534493554326 0.06051612293898247 0.5241910121285416 0.14226343801706842 0.16241994444082739 0.2119715053836873 0.22316994224141976 0.23172240099333208 1.2422411322266464 
0.024367989083817616 0.19075119911376043 0.2776965359337304 0.2293284630413661 0.01196846397366767 0.20418912908962195 0.20985615053717968 0.2723147044599691 0.21783298112675636 1.1923496954367772 
0.05540055156768439 0.4649881249104183 0.00296889292808565 0.2249423272492325 0.010999526356873117 0.20364534686566937 0.2060884927307527 0.2994980326814811 0.21668796357545736 1.4708492334456253 
0.10432578984444606 0.0164236877318698 0.07797685574358383 0.10726544687707242 0.12356472495366991 0.13957624039691283 0.8822298658267582 0.274530505027853 0.2674688702164755 1.2930041386476296 
0.11463449842131342 0.014748924672584724 0.06478677782794694 0.05645687067804249 0.8335866244764214 0.14657995097398088 0.20773303976871374 0.17784188648121463 0.23651286842858577 1.437886069386582 
0.10777029766715898 0.023938436204074046 0.036686722405135506 0.4859002201939887 0.2128709812919035 0.18818197803589787 0.19090743135983285 0.2049773380967129 0.2096303789482044 1.3319752802655058 
0.08333654610915485 0.03753552529359555 0.3113515999884506 0.10642865020233991 0.15745621598858128 0.22673120881875708 0.17563540196354369 0.20453185764828904 0.23998868350047173 0.853082019363305 
0.09524212305312779 0.1598649909229439 0.09093015858018945 0.11596333972875073 0.12646174236094426 0.18855997218084464 0.182648000592481 0.21007053877654955 0.22472555136298136 1.1922354695908899 
0.23417161784424725 0.02952581246626236 0.0693825442405477 0.05777522592504669 0.21253603967448018 0.18808953739924997 0.1908135483679019 0.20600352716269682 0.2096351629775755 1.331980064294877 
0.020141206129398428 0.019871812419432762 0.052884263959726896 0.07670988959444967 0.09296148205991504 1.0548842108876517 0.1345885097414398 0.16126575765334716 0.20276654243313458 3.9917970124685564 
0.016215949575596765 0.21325203997408215 0.05624445353058956 0.32847143182493593 0.004159232532119314 0.15812476944176979 0.15185634505046283 0.1494888626068814 0.16075676951708184 3.9910510283006335 
0.21960674166535826 0.03419988804620036 0.0656451679959963 0.11051506026268534 0.12498110766597126 0.18607830566030797 0.1948024142070225 0.22941069538037678 0.25557841986169316 0.30565033457958984 
0.030438122093416696 0.29368944326345925 0.07780901036416384 0.10370809774023085 0.21694632138987793 0.2235355027992044 0.1913730887592035 0.2188998726394805 0.23017669590257117 0.14642798983702957 
0.023298783271381115 0.02725021982064174 0.07882083179361835 0.11318984498143589 0.1299018930728138 0.18097760542997143 1.8907763391937737 0.20433494250982395 0.24361596735143967 0.21888056944163492 
0.021375040863296092 0.03123346331654825 0.07279450950520269 0.11381706606058463 0.12674213227916054 0.1789281445427102 0.17106537570381106 0.25958932870255264 2.6895890564022715 0.08838901560804831 
0.10046923762747298 0.1778591226150762 0.08288306039566991 0.12550072551678215 0.13086367316368402 0.15026575361366148 0.184674534380527 0.2053971445478391 0.2262300150133322 0.06582272052366855 
0.10575598883911695 0.029181220741285888 0.3498462208593765 0.11654685683475062 0.14092400554212342 0.1732567791875652 0.18542274815611676 0.29234507969716583 0.236804333957697 0.20447672519297133 
0.09941824239638573 0.019353661515216388 0.07475372234750255 0.10492611181738347 0.7108238113350035 0.16604121741254413 0.1988795563190867 0.23564105060985105 0.2262972457133533 0.29166441823439987 
0.1162626018979317 0.02352725941843392 0.07116410153108453 0.09861387821851914 0.13545786318530542 0.13681634977514434 0.179621199573358 1.2587514259825683 0.27287536910184884 0.2008269603774533 
0.13187310974328806 0.03290830131162647 0.07380894687234595 0.11560137807255019 0.1759305218110761 0.19839681619674926 0.22479558728261362 0.2753884573195065 0.39107881736728634 1.6490763514883415 
0.03263364971439782 0.18827978672627083 0.3253385668775216 0.12104595752320672 0.14727725332977842 0.1805692393383097 0.18382003774839797 0.3024257421885984 0.1844426997835948 0.20488106470331602 
0.018722124604952123 0.18302288514750106 0.05161314698972371 0.5354859096615975 0.16183669918993004 0.13672888399839098 0.21461115820520604 0.22376811366165852 0.2146627506149036 0.14110160249107145 
0.018531641095400724 0.16122889836487855 0.07542336764665943 0.09953698550678207 0.665862359738913 0.17022518871971057 0.19405842534934098 0.2266575497556693 0.2993846686387857 0.10623621922606913 
0.020392184675922888 0.18913288649638274 0.06964493976913229 0.05224065015829485 0.22365085389628508 0.1159108889944542 1.0411011468203322 0.22619596991453902 0.24065255008611475 0.1545387849125522 
0.025992665916828594 0.1637751225736836 0.08634355984381611 0.11230645326355701 0.15987887104904808 0.16455652815534974 0.16971314313384916 0.9453680093619602 0.2381093554566485 0.06015793675025393 
0.022454882448848412 0.17293193529306927 0.057892817498217355 0.13332687856392725 0.11411572775362826 0.17026279693065569 0.21556328322310994 0.17245127203926594 1.2339942058302196 0.18836828976129116 
0.029752561949531228 0.19787755665302503 0.08534889871482404 0.16373351097047625 0.18710847288817717 0.1715350799931026 0.19758708947450754 0.28166967649834884 0.34167364347015 1.4785504664791806 
0.019252305999070372 0.023487376403440844 0.3393094514729953 0.5529464025755562 0.12941185414111883 0.15072126664202562 0.19422033999465507 0.23000992176133125 0.2610707006426001 0.18172081293128078 
0.02242027661406078 0.02951368192263021 0.359872650446518 0.09836551709722541 0.1156322226856778 0.1373445126814279 0.14545279238581774 1.2572250413987984 0.2599867432419656 0.19413965743209458 
0.019243416063975588 0.02630922817749898 0.321366639473261 0.08884329847981867 0.1391716045905884 0.1517348081265289 0.2085131487248138 0.2526885009592124 1.3828757679635069 0.1361451454520248 
0.020572402921028195 0.029295406715277666 0.0740960140010043 0.4769457089119768 0.6406643170174217 0.14740458361706496 0.21990465908464446 0.18576067022221313 0.24384011083558169 0.212558553110826 
0.019009857510980912 0.02628021645767177 0.0660196678266906 0.5066266102180123 0.1287911273148258 0.8004053925303968 0.18892166729657672 0.19736622497815468 0.2854988209236808 0.2038424575870721 
0.022286170183372436 0.026987718915790875 0.06760943967615674 0.5125431463978009 0.14071723802747108 0.13747387490317353 0.185178100107513 1.1442826564340098 0.2203713147658241 0.28155938675165454 
0.022557574039526802 0.027378639929236497 0.06540053241704356 0.5224264644479812 0.13515760800424279 0.12440664434325438 0.2092155815031144 0.1715128727682945 1.3390134372325213 0.20532194964020337 
0.02229427188364618 0.03738515979507149 0.07982137040043556 0.7226518515632274 0.196733390892416 0.17640774821754787 0.2428012762857285 0.29638452502643525 0.1959338795431667 1.4460158319881453 
0.018711104765570197 0.024943788003521428 0.0707067362028094 0.1042534323568836 0.6659753391373034 0.7386969808588846 0.21477847276953801 0.2181743929565878 0.23500281337378995 0.18549206500087925 
0.021639717664264178 0.030676188206339886 0.05080004502948912 0.10260019085982557 0.7499219510196097 0.13632742472541937 0.9564132855011228 0.22179246415756104 0.20058345327372265 0.30605105022474255 
0.022963663399874972 0.027671045386931225 0.07905696967375869 0.0968215881475902 0.6939920662821687 0.11409844713743371 0.15764197334326627 1.1557460405897593 0.24494604998193623 0.1975545111692368 
0.03267746689670073 0.035166285148197626 0.06775036186767916 0.12005191646181272 0.8134970924770315 0.1743414847939234 0.2592693060587203 0.2822871347274559 0.3014402670031001 1.2826315202618226 
0.018639005376115497 0.024533366418123887 0.06384764541456356 0.11747517802137625 0.10934066183084776 0.8277440343553062 1.008516272095075 0.21872013668713075 0.22611756711474548 0.29162458660304225 
0.018519834409777877 0.023451911024605317 0.05331059746066448 0.08945059812661559 0.11099911960732524 0.8434096496790646 0.18538860662027012 0.26050849137914206 1.47339580499214 0.16884407890337924 
0.027315836519603634 0.038223295017104336 0.08255294174331201 0.14040006299941232 0.16000811407089718 0.8512204794975714 0.22038006646066588 0.28799414856933614 0.32650443416378383 1.350264519008755 
0.018348126865684385 0.024163833954545466 0.05685694286781304 0.08190484116594023 0.11001539200928814 0.14316551023338495 1.0893802222204174 1.2307686014946029 0.2861576934307297 0.21658949061306593 
0.030046356293369717 0.04129332804110623 0.09374917863422852 0.1384913221093689 0.17442580226755203 0.22226212693407502 0.19771015691556212 0.21342921983477786 1.3530095494749976 1.282223280223708 
0.02285306966173088 0.028636844204239655 0.37984455894195207 0.10489865926899783 0.16415713908841406 0.179057069261305 0.09782626411986657 0.15023831347016234 1.3828946668583784 0.1361640443468964 
0.02894699463135936 0.03585889082721233 0.06858807984426003 0.49658044434785586 0.15763945237170834 0.18028941666251835 0.9828439178469393 0.18314646824130124 0.29628120893471066 0.22368697469416549 
0.017464521573579483 0.10968782624412668 1.5207833316199946 0.04371643460998463 0.21487038449951823 0.02798884562161249 0.029135962481293555 0.894410549269235 0.01858582911383148 0.11903335834021063 
0.022720625848060116 0.018860479213774275 0.018905709562140688 0.023583728852711466 4.821168561459917 0.01886049095656052 0.08870820977529234 0.039753487759709515 1.0110137126212895 0.09402087671034418 
0.008825801622550252 0.00907674051635313 0.01051056205414992 0.010961813748386949 0.012713775686412902 0.010205959583220452 9.47950531807326 0.2541369684227372 0.04577378230205959 0.09541866834771194 
0.08272433277617146 0.04237001889389054 0.22937256231786413 1.2613032782088875 0.030309415837028487 0.029466754712735244 0.018292811516557674 0.01863364031709943 1.1528481947790266 0.10886798004243209 
0.5559490292208116 0.025802254611637217 0.027744120338014443 0.0479657309714257 0.04556516753991249 0.030640639676438892 0.04301762839568819 0.0324171626174658 2.9388702620941927 2.4634945642976773 
0.32676161726618325 0.255094286282362 0.01389341219786071 0.02207053266221315 0.046563715124070315 1.4245154569860987 0.022148603749349644 0.02094388035779126 0.04378132703908459 0.1175155415563465 
0.18365372556074508 0.006527548696045112 0.6438334412228564 0.19888575260687485 0.040726433799671564 0.013646244711229397 0.029595933010825446 0.010444095045334167 1.2426300913773323 0.04634126486019202 
0.3182941162933743 0.22618766457212885 0.015970602354506085 0.041964772968938614 0.0391908211599218 0.8556004016647466 0.26134527824445014 0.017157452229590624 0.039140729278832324 0.08221884953422832 
0.009254938770644455 0.009116256126791032 0.009153484270917903 0.06231907253048798 0.06357072142542228 7.9827624854208645 0.01090887070081788 0.035621800418244684 0.044432979149534514 0.1262763441564103 
0.010748817656228697 0.0075923963654863855 0.008046046539131315 0.013090133867503493 0.010444090259738258 0.0114009894712087 9.574196424212104 0.018137528554849406 0.23086961181292623 0.014100121763764208 
0.21278713756974604 0.27514243596606996 0.7313783600839855 0.061606288810837344 0.05614154415552852 0.024450847370457364 0.0165338643445073 0.010863574883010353 0.03310349284666799 0.01747214296656039 
0.47669871755428106 0.07724659205006958 0.1973688564131753 0.5349729248063584 0.033214586551900585 0.038025771659667085 0.018342490790710247 0.023063455400869414 0.01681894128993647 0.020706142800143566 
0.3450589040406289 0.07441181325978616 0.6316831612416882 0.06238193275148 0.21334679217965893 0.03599314050106181 0.030130136232068835 0.06058011168807396 0.05045724016448175 0.02500023983758634 
0.00947641866617094 0.01335531271878709 0.010790117063044474 0.016902715666896134 5.494393741036264 0.009498155293061224 0.009164499911536315 0.026009844011339357 0.8424257596996397 0.015327625035054483 
0.21901676291114897 0.27942024716121383 0.16572250023876053 0.1788045487220281 0.007208119384203575 0.17711147197137622 0.0360321125068524 0.10997753134689257 0.03363502930981083 0.11552284419117913 
0.15164115978871637 1.0723552685095614 0.013877386701029717 0.03592083561828324 0.06213172448847076 0.01963792694697774 0.20606104250569693 0.014699036587474545 0.03579264423213262 0.01726558005840238 
0.16769264081199278 0.03262099822031693 0.8951106860798193 0.16881880564295432 0.02536280289834169 0.02789459401322824 0.16453439518916183 0.01676234262540921 0.26774410383267694 0.01866170461794562 
0.068234075527528 0.9742383654184945 0.012805585923095166 0.03419614499753207 0.052305774067361796 0.020027802951279566 0.03298749379773602 1.310886703428123 0.039756169072283604 0.017358353010193853 
0.15525240701973095 0.20185782697363458 0.5384051230390892 0.03723484032159859 0.044276151883016424 0.24796221773411975 0.1404716055209195 0.021937343206537188 0.03754654427675988 0.011530886474270956 
0.024582744010728266 0.030292548305958122 0.16240035101149908 1.9008258151727417 0.03972165536491192 0.23800309991279595 0.012904788355700827 0.23621636468242238 0.03064675939549707 0.007872394901078304 
0.13377315840390808 0.010541526008659995 0.6463083503888926 1.4707987525317703 0.009917269254692145 0.023591382434028432 0.008931621956204845 0.018613566133520033 0.0380024722072646 0.046771249316916945 
0.2522317692769778 0.010695532351216354 0.501318915353397 0.023948414741284445 0.02391893594798063 0.017988068943214308 1.6215488815215842 0.05681754965571938 0.03742406310274924 0.014378360504689403 
0.5333194300474955 0.08209344721143227 0.2594677922003325 0.07410325773550006 0.03144607819574362 0.026373530047476085 0.014867555169985983 0.017278155156482802 0.2510900601878868 0.021035029438025966 
0.2040464850614884 0.03689443257749215 0.7138328356358988 0.22918798383611944 0.04296313849945392 0.027028790601638333 0.04238440966828403 0.02055436742415914 0.40289128668604174 1.265360175023235 
0.08584182025303931 0.060496488849382996 0.12943679497885505 2.1594352215455794 0.029144719824107622 0.024375242219036572 0.03525244221014738 0.056693558875254166 0.042872874757241705 0.012103221452365271 
0.45829913167582986 0.0712374433738279 0.1792227056492352 0.06176165906117291 0.026601942946703677 0.023348433109011815 0.01399899972976296 0.015957785857643552 0.012320850097961598 4.061122052868415 
0.017994622729036035 0.7339137907226414 0.012198818690420474 1.0278364584989963 0.04215186489267206 0.22421952696341385 0.047995118484833676 0.04082383227262114 0.03700686253258525 0.048359409472826895 
0.21905547536406644 0.006744213905904038 1.7721163548270495 0.03255465489429744 0.025446056068230492 0.020451111517499582 0.03138960398655118 0.05281884881929486 0.03354880890168883 0.00782082169115915 
0.04972729003914852 0.3121238545462595 0.13827033818514692 0.547344090848513 0.2421234713183169 0.01097026417320697 0.3272972053661383 0.03324084660142969 0.046124688158149844 0.016770484181360436 
0.009396398815481813 0.009739576869874974 0.010125779727702025 0.010890432157783238 4.471158083363029 0.009804352829832153 0.010594878770493648 1.7609216862740944 0.04721106611058955 0.01579339576917087 
0.047291788260543005 0.039308108208656364 0.8922371261347143 0.01731909900927469 0.014135661908247818 1.5408135454689773 0.03332622122966934 0.051231373281859546 0.032033761181320224 0.006058503348332702 
0.03412905502929587 0.08041751176753215 2.622236804564957 0.08233183656525482 0.03033188744390547 0.028999831387218497 0.009508097096846307 0.015293875923635018 0.009171485004360705 0.017561165536772394 
0.0066146154972761394 0.43287646602657043 0.5290604040109599 0.024313130122120732 0.8998666719834296 0.01839377840287803 0.03379675273403521 0.007137513290519747 0.18097472534252293 0.01363791888602537 
0.1559299232347704 1.383874188664606 0.005472637559419144 0.030283963495876524 0.023647006131504743 0.018780875742526612 0.02353955311758564 0.051078095948317546 0.030271665778650102 0.0058282930582719316 
0.14014656354712743 0.017464568448791032 0.373641236072494 0.2009340756387687 0.02541671756920788 1.1951256644057204 0.038509466156674124 0.03507781041526881 0.033341156017899734 0.0440896404998316 
0.017151195606233634 0.022487890154564035 0.05808270038993313 0.019561857163081706 0.05604016049470817 0.0361253550955285 0.06833166504843005 0.06426155343790398 0.05258020731686337 12.017729457031093 
0.24746941270555914 0.005723714187083941 0.38671893869215074 0.40493348630847525 0.02271854284436435 0.4160662707322938 0.030296806683100252 0.051724748241736555 0.03252713614119723 0.0065518783082097135 
0.008121338229140173 0.009327102882801825 0.00849027643961175 0.01048289290202367 7.101445014087964 0.008865873785943064 0.009209021419019659 0.028594887707735498 0.26409428933976314 0.014441908390672845 
0.30034411991532645 0.07773350975385498 0.13499972384592693 0.21062573794151748 0.04719808443267165 0.28228475199010905 0.038579118141593885 0.05126211828146002 0.20259158685690637 0.05222063240439112 
0.014947084298724218 0.7347739631959725 0.008675522179615978 1.0607986318677742 0.04516342750859999 0.023310906042425066 0.28463824946750127 0.033945594064949444 0.035592993310564036 0.0463414777924959 
0.008886713917385243 0.40721514647545015 0.19933572261808577 0.021241658113340386 0.1505756309752809 0.013159196034928954 2.1072630379114767 0.032220895556620915 0.03306369104623985 0.04297750984400181 
0.007493767192089211 0.007013660103993392 0.007284795047338062 0.008888476097425189 5.701154347837662 0.18766848452290855 0.0077101752505947954 0.23774808056036728 0.042209791087090505 0.013325881914684859 
0.08508464944116967 0.08713107259218913 0.20920114632655318 1.5665019400231368 0.04759253969943928 0.05381415118362341 0.03704656847533856 0.51396228306447 0.06073867162676106 1.6455584769727174 
0.06962822240713125 0.08355895543593211 0.04087463057954823 0.2727162678064428 0.7319893520409166 0.1626230438857988 0.004376406610371148 0.01206215969541699 0.009500853991451284 4.0427098843872455 
0.11702690897083805 0.07687107726644357 0.43243142975196547 0.6962829991373657 0.023416137507915494 0.05294185852879279 0.00824554861392239 0.2712534469945892 0.03395008180350146 0.008502899794042552 
0.0135232044593329 0.014631204993631231 0.013902676336097326 0.014273941192508147 6.507191650469591 0.013518190582724925 0.2921941458623691 0.03664377920244769 0.04256433655295552 0.019934020150172614 
0.19861569783289215 0.26935488611379443 0.08868260680792432 0.018777566955386835 0.23916683597032118 0.024080153675970366 0.18188261374807846 0.050180674157077776 0.2381872130674382 0.014729290956365186 
0.02603269886831342 0.2642549329136223 0.540133953177919 0.9036247705678885 0.05115290829417599 0.01903610895370534 0.041464463550953984 0.009089023233726047 0.03576827467369556 0.04267129191854245 
0.3414171897992915 0.05516734163925944 0.15133389158507854 0.38300425690216255 0.04312854904480063 0.01829000429715593 0.034665034618807426 0.249015284923734 0.03335741361852678 0.042864242570495745 
0.008264662696810383 0.008290721821112183 0.008211513819956282 0.008345585519728275 3.885809225859035 0.1904932872561608 0.008843663391918086 1.397095755396344 0.037756150826502036 0.14585585778873128 
0.0766080513919712 0.5533019186690108 0.24424780823253864 0.3394326787571369 0.1780748504129603 0.004950767790392192 0.006034455697157334 0.027429185694949086 0.03240187446912281 0.14150660038868831 
0.028411675433360165 0.032984131837334486 1.3896189468230031 0.021946641206339983 0.01784179410953289 0.018978184378812938 0.20733681819174826 0.04041108427205082 0.02617003505797057 4.008190965896527 
0.004331128059287299 0.0043516977540993 0.004448116642300079 0.0055583252241787635 5.478513649317743 0.004428155943926184 0.3023939591762785 0.2509302501777376 0.034450940220632074 1.2082304854028374 
0.6300975469894851 0.0945937804795751 0.010387302427618428 0.025553421735401753 0.022074182182462782 0.16384750951131963 0.28778873339588534 0.04599953637786828 0.03153198066891022 0.008006704786865057 
0.09433031074798674 0.7380059026889675 0.006195820467894099 0.4238843159425434 0.042189959944508845 0.016674488198055823 0.04884165811047374 0.028924948795297424 0.28493736854263585 0.042398073449888524 
0.05450576570497097 0.3575160008457607 0.005785100668966336 0.017636870204085713 0.8920203491426101 0.012825676351612435 0.686175139996429 0.253747514785365 0.02626541730379736 0.13839837464884727 
0.11532117245905808 0.050466194440158 0.2854002500974234 0.015853191714246376 0.013509962782768494 0.2839361794477737 0.4207541449215978 0.0348204463596402 0.022219269639431896 3.987053656637572 
0.07275883140015243 0.09555800653217653 0.09157713414503475 0.3099642913491458 1.8880974055227804 0.02540772740396946 0.006346773230965561 0.023922789163575375 0.03370616375673868 0.11874703119920971 
0.2719041775654047 0.04636993596286482 0.006000495923935107 0.20958281156013706 1.0229748815188702 0.016621780427196094 0.049183474509840105 0.2492713232461912 0.024620720026772333 0.021483124575050437 
0.28289079609537143 0.36798362331302187 0.006533679264225537 0.03170342579691552 0.03293092484833515 0.014216440044042843 0.03783937554192946 1.2981738129523805 0.025116611260024214 0.042862202961032755 
0.011327356240699273 0.6855434520103071 0.005401680798878736 0.36584210029390424 0.027082776873497506 1.1267704535206233 0.05783553388087224 0.039116999504231635 0.024002658148254634 0.041748249849263175 
0.010412854556849014 0.5658927077567513 0.6480218028496889 0.0986868042932121 0.25320049015388413 0.01768517376769182 0.05492306928070507 0.031866756199358054 0.024135307685316756 0.0418808993863253 
0.011965787117847404 0.5935049593804026 0.006901493372162809 0.00792652794960922 0.12814704969360835 1.761526931844852 0.04845271703923423 0.3405056461048669 0.025503357297593864 0.043248948998602404 
0.5262730173951494 0.05802262722584224 0.18754610635644903 0.04022951283859309 0.04238572466062428 0.016783777828382952 0.04905996625338746 0.2669780620970702 0.024855641195130552 0.042601232896139096 
0.27965212727587707 0.22510136235393002 0.28611022243786044 0.07561988760573249 0.013651084971448312 0.026408363240290562 0.24442084561634386 0.020690797140200782 0.24145733485892254 0.013839389254363454 
0.0879292993105594 0.08618232744188281 0.11645801318273424 0.27992519394489096 0.3965129323994342 0.015903700708789877 0.005787147444675762 0.010559244823532182 0.17720036766903632 3.980933653537461 
0.044568656821835084 0.04328690727980782 0.02258464779755276 0.05256752494225612 0.8445233333422907 0.8732417379477985 0.0051263432555996675 0.011675344078651331 1.1896854225064055 0.008079884443471746 
0.11095170217492764 0.0065896733629795725 0.2352130437871571 0.012020808608818611 2.52762947172455 0.008274584229113275 0.029305565106560454 0.041791832737393834 0.24508678941164494 0.00934215956682366 
0.04233876244024409 0.258396581704247 0.4116078659432055 0.020099451759854364 0.4305631648451294 0.021894249889964863 0.47168019979287845 0.05112826854069212 0.03486578727079701 1.8536436920107504 
0.6612399670259284 0.005632428897372557 0.006881628962088228 0.015889761398574703 0.882217321612897 0.008112585939634317 0.030110396606487295 0.22960838738434314 0.028919909156341662 0.0144047479570025 
0.14709797183187226 0.13987754099251443 0.16096398782907864 0.1992379121302627 0.006844706924620908 0.01433006576126516 0.005832958358231484 0.010416478069170194 2.527184436467009 0.010298161830357696 
0.1160562453292004 0.7700486370786541 0.25954892294349313 0.03796120317947913 0.04602216370141924 0.01950313892032958 0.054009849318380196 0.026526576403378785 0.022969122441360908 0.04191329431537619 
0.03721680303331421 0.3987711044684925 0.18283616385475526 0.2253300704995725 0.3082919911817328 0.0036641559638473696 0.34889890622528275 0.024375578833073362 0.031122948189864476 1.3309903805743937 
0.17169541365463742 0.16469891902043132 0.1106560811483595 0.5603715804087777 0.005956872896818561 0.16061098384363756 0.2927678909781685 0.014725229636786227 0.03420869530477203 0.005895994682412533 
0.237903135360776 0.3591261720196198 0.017327071658844506 0.026496476758228422 0.8204365743038902 0.014929534242676425 0.01815127981448402 0.26788377346028763 0.038709365650548125 0.015062774747216661 
0.15356313629599463 0.007247581882199986 0.16557905981667684 1.6105079257213362 0.02155732666527017 0.00871650422644879 0.34537185048963065 0.04850996761804931 0.030628756434785576 0.009692303181874643 
0.5158170182559376 0.06671758858626922 0.1868745580870487 0.026596267698405222 0.01800832544240715 0.24954828672226437 0.03076190754100442 0.04426515707740836 0.028074219887816616 0.006518815359588254 
0.015211623993319824 0.09505530584792922 0.1430249873432779 1.4059217716479913 0.3499677064753532 0.01976860975426225 0.008561687555388825 0.24742391731378854 0.03403937842092512 0.03816515511707866 
0.19380313616269382 0.04764429986523596 0.1309694137870858 0.18825861639515457 0.24883181606541113 0.003644927982998581 0.5054181619551645 0.026028292944704354 0.2401506159125455 0.01889765004279107 
0.07310821808239114 0.07976328018071283 0.09708024468803453 1.7811363157763365 0.32257639403889343 0.004585712640223819 0.0054196512931839035 0.02626561592511565 0.032183571134069104 0.009184058306050322 
0.004406646727739711 0.004407615530412815 0.004828460931196951 0.004489764816610334 6.477251142276141 0.19944842934959534 0.04210929709906758 0.026292136713066513 0.029630696934330396 0.009150966945100224 
0.004300188638816089 0.004839198241498456 0.0047555104189054 0.0046789961971965945 0.0096678086372022 0.0053968567213447 11.968903364025314 0.00787827174109345 0.020889994939786452 0.0065139061423212154 
0.03822118462123326 0.04150558610628364 0.20297631047519785 0.0994654705573329 0.23346474461653788 1.5574716569581961 0.004868907620195329 0.4131341676957439 0.02448761707026364 0.009510600663037239 
0.3888232714207663 0.5473388933153774 0.006424990781032054 0.05154470246145102 0.05020874614850076 0.021484879419105665 0.048414151479208016 0.1278616888505626 0.021744332820373323 0.045681660295211854 
0.44587950298890355 0.005254405584266564 0.42205261482338563 0.021747591978950834 0.602473989064536 0.005699474381903701 0.031118522666936765 0.03723294798981889 0.026667176368310303 0.10584409945998796 
0.09858677449057227 0.10768547408363206 0.5583966257296312 0.26949477574241626 0.24105056036952233 0.025853232775435928 0.11345755343251426 0.01764545980292748 0.032643822335116646 0.009902017873438602 
0.1692537215875822 0.23362664589817428 0.005486114597278916 0.013253227155287723 2.0768661698778406 0.0060643847514008425 0.030371884462411645 0.046350608905350976 0.024564054476147033 0.006729208821513137 
0.36130008661148916 0.07797707233593684 0.23716802498964817 0.3292955011609477 0.005392725486514464 0.0172792950000292 0.3778992390447705 0.015743957742553515 0.005333121938349937 0.020557277442588114 
0.20140825383360939 0.0049805951611278 0.005419742162042734 0.5806161490069061 0.11647082717008693 1.00776601946752 0.025628737650026316 0.25687263380798886 0.02945437696804161 0.015940545464205508 
0.6451380700171168 0.00650004196050954 0.007708333107773852 0.3961247434056596 0.018154717682677457 0.37389917042665916 0.03215800837415468 0.048068790901112456 0.029854090307616255 0.011609337184428085 
0.013205909970424012 0.963862395387421 0.004850603971962769 0.023115310642411978 0.024551147599779964 1.0053641448287254 0.04703725761191204 0.027337845650638348 0.31314632239945195 0.041188837838587976 
0.06021077851169723 0.5523337995121612 0.2875160367402131 0.026234512752057917 0.4039111794973725 0.01242493814106692 0.028258280472526383 0.03536725142276112 0.26100318955354845 0.14341111612458912 
0.01994779382506183 0.20214581581674668 0.24328735500601512 0.20457839607565947 0.08615681108611854 1.2231747117233456 0.15212670557577773 0.007726136179881674 0.009984452251906464 0.006295372903189034 
0.21973193698846372 0.006569022505139963 0.24450794993118352 0.015667564690280085 0.012603992708266044 1.4077844216379336 0.28364655467221955 0.04595840877866995 0.05303118736695092 1.349236518848339 
0.2962638434449012 0.283944690501253 0.32110604871106846 0.2850607917952887 0.005280405631928022 0.018935877783421356 0.00441241158211917 0.013144058457497911 0.03262752149937283 0.0043165417718926125 
0.004527056568097334 0.004597657324246435 0.004880033788059595 0.00475808885590433 0.007692215185276069 0.005137195279819943 8.480335943689635 0.0070152980993136525 0.008574685160770236 4.013043873628989 
0.2755477003172727 0.3821859014659287 0.13704236882123821 0.025925414159646172 0.019719254037810847 0.008297547114271742 0.027010326163084027 0.23154866602684426 0.234819853589939 0.009340366657429487 
0.03659425205495443 0.36010937891769657 0.08089550708197135 0.17195995658895513 0.8174494311166746 0.17455828001332455 0.006123624548624683 0.017612767814401444 0.18060104596128418 0.011991430015381164 
0.007578751257125437 0.18048615451326136 0.8388568821348643 0.02483131229512859 0.8157427496741796 0.016615515492992866 0.04880766575660653 0.02957372905256493 0.27548905334767676 0.042439724907769774 
0.018603128340468445 0.8550044928405796 0.004714692148898736 0.16454093195468047 0.028928369436352117 0.1551604916880603 0.03615716526667533 0.02435547105629457 0.017078171927136582 3.980136789268653 
0.03285499168440047 0.042355586549076576 0.0942725656570158 0.9803327849250911 0.18963876402272148 0.2810010213050782 0.3497931321682008 0.04805011899639138 0.028738887306163544 0.008948313759421964 
0.004551381739943117 0.004558773698927665 0.005813031103473228 0.004877195977483635 0.004869092150829923 0.005033936829073847 8.994561399456765 0.22827489524208205 0.20641825791701052 0.809209915864991 
0.01790507673515448 1.2463028334803028 0.0062118593050619 0.26219823971669637 0.040096729378115314 0.2862285995374424 0.05607702418898046 0.02501912163573171 0.023477504969613306 0.0425414164479969 
0.2859819035116045 0.0049393902299690855 0.7678267499729018 0.029040132360214414 0.015608058684351715 0.14316821292189738 0.12914097411855838 0.2246143555894509 0.02634046737676718 0.00787412886956854 
0.019969107122487888 0.2517560537884393 0.08438909076121612 0.08257972222071863 1.079880444108348 0.16168615253342464 0.22963122947336237 0.04414742884889694 0.03772877332955954 0.012385704553482556 
0.04898830416039852 0.30485424726013177 0.054128224153989345 1.2501465975682653 0.24364305185275525 0.026287666635913177 0.013002848926529802 0.02099757871815201 0.20886999844844428 0.015391234797612197 
0.0478843474123673 0.6243162471062565 0.004096949492790764 0.1218015433040074 0.18247932361485597 0.49627520096602434 0.24890584137441538 0.01723271236968585 0.02114256523753981 0.014382038324899104 
0.05656888564764893 0.42963157603203095 0.1841039472906119 0.4837388753775652 0.004328427098629133 0.012884639504149347 0.004100456883485526 0.2197938800984153 0.38348842237667474 0.008629034670578246 
0.013565646543176334 0.4462515648158234 0.34793808897247963 0.028395805093942746 0.03074508282280522 1.4586956477707655 0.05991008344597542 0.03696312944777105 0.026806674484078308 0.0461640984174005 
0.24553672859470144 0.23230704817616438 0.13707239707232477 0.286027815715381 0.45600651265126835 0.007434427123466701 0.003698586155991016 0.014632478020454155 0.003679558094607908 0.008275693039103983 
0.14150976376548513 0.20583345364217512 0.5481048459585471 0.03622387068090182 0.020439291219038907 0.019247807890477503 0.19613199744812684 0.2828934493172561 0.030214224207666035 0.2096249941437809 
0.059665963664938176 0.15254122173193044 0.06963522411925493 0.7193965231430153 0.22520070612510798 0.20650292042978546 0.007449654652188935 0.25435194016546314 0.03198863063201892 0.14948633814205384 
0.041486648931758616 0.045125947775451536 0.44442774861397466 0.1458318918515046 1.3670244551870518 0.2597033043191123 0.004485980644206728 0.01198818133970558 0.016426345996003684 0.0072959018951334245 
0.09850543019453849 0.2503732604477085 0.40430178826450364 0.5409220142562458 0.02086403363772263 0.028296780627836256 0.014507934567111492 0.022665696302044458 0.26098174167831434 0.0944521281650617 
0.03954022173564331 0.3339869154693189 0.07478530147249965 0.36737309236960997 0.42422429283617175 0.6172633153411534 0.0031131499999583296 0.014588641890335416 0.0030399840256303723 0.007760810184423696 
0.1944415353988288 0.49119859591028814 0.34606369199438564 0.04666803902616176 0.03589940035435488 0.044751722318008474 0.29991382911699876 0.03689330348798731 0.053423865584596275 0.033033402270127084 
0.008856781092489694 0.2273274144600651 0.13996471300110608 0.47333201241806033 1.6176242451759817 0.020389440250981675 0.015302824223574596 0.03389808614795731 0.027632747627188765 0.14511219082456125 
0.02486959883413142 0.199400653135067 0.14645243779607947 0.14921631999905394 0.43029522268900544 1.5278405060670008 0.0033390534144626424 0.014784845646475097 0.0032356899233191446 0.007350942133941637 
0.1223695250893713 0.1495702996029011 0.02111164788211093 0.29868541777228247 0.025257739085247616 1.6485797436196568 0.04656199925223617 0.244546279426359 0.04295019045110385 0.07531422755915819 
0.049649792232549554 0.04753601257179379 0.2485096688564395 0.07391907158509223 0.5256990040260793 0.1256773963737052 0.5331232841962793 0.21003992691391646 0.03284849993984356 1.2847732710877608 
0.3606695479527808 0.06406221794632969 0.005454726748587905 0.015379740727847 0.23134725231020395 1.2022450311963728 0.030765122313056968 0.023982215780698198 0.028065409021856624 0.004856391424590722 
0.5381696603487954 0.005442464297495928 0.16489786206624166 0.018855383261548515 0.31068479916967245 0.009679398264982802 0.3170887720441225 0.04647541492010589 0.04188582690380946 0.005843174532706942 
0.003646450687129589 0.003739755869744495 0.004696578694719647 0.004537836146400363 0.009455192418120048 6.334535175876513 0.0036363755300480973 1.244075874109958 0.014040889143833321 0.03331225708028126 
0.06263879990843582 0.08894523621572017 0.18137792578803114 0.18940119203384548 0.2558502301580282 1.86556922189881 0.013387445398562459 0.020797992314745085 0.028609055461085005 0.022674290470955552 
0.006286003815917701 0.006297654606861003 0.8755474719348303 0.8235091707660046 0.166890295797255 0.020274054508944726 0.011270669443707249 0.01378831009044197 0.03568569580113309 4.166998136522004 
0.1816407430993209 0.004244956152247142 0.9441965443559098 0.018854088174965727 0.013672244704133578 0.005531379216261013 1.2431672144027486 0.04584933671294466 0.02762830250624005 0.004662042340607504 
0.0038555986012860635 0.0038444332011636755 2.1198561064692933 0.017525596740846878 1.1661254754394175 0.023357116325598594 0.016145896953609067 0.013932448254148865 0.03049308377218267 0.224862818179667 
0.040572006901544645 0.29144954323938466 0.12633690080909304 0.3579519167321618 0.0053473379873776716 1.0648456799141668 0.005288122649384719 0.22814030141290786 0.027446305221144475 0.02545796640991647 
0.4857626063315756 0.0998718410704258 0.1769755538785168 0.025337935543482154 0.01276707263845397 0.020058584557446937 0.3548189121194277 0.015081795493720851 0.027463229209055532 1.2501167824666881 
0.01663967974429577 0.14827281912162 0.022247928979862983 0.548471169530569 0.1242248205460484 0.8835518014518955 0.1486403550853289 0.2435498176385723 0.011579812606838696 0.02278251178281755 
0.05463170265511837 0.45642370127558224 0.0982264211917315 0.4981228469169169 0.7430447030834337 0.00945816636290737 0.004928392757634379 0.016372013534676176 0.004823521164486166 0.00974729182643505 
0.18973138445443563 0.12428475580891542 0.0984949497757092 0.13272990778999655 0.15092294724171812 0.17913663182304607 0.1328400362830049 0.24408047719907033 0.02822691638514154 0.014477917295719341 
0.007569916807349012 0.007611767020133119 0.007779331267067937 0.007642456403505637 0.007698319435450774 5.83434873733896 0.007567554277568854 1.0893460010193514 0.21179649083861923 1.2715848602014914 
0.004598528752990171 0.004603255884997347 0.004610451927381117 0.004608688182845482 7.449379670653716 0.006239009052479493 0.02951855075889551 0.2654768845855534 0.004601035547563762 0.04494580372418725 
0.04232538624061698 0.3757544977071141 0.10155750415726814 0.18686598206251587 0.028597389559238084 0.08997776332199474 0.037050778035872436 1.196561425528007 0.022009176063988816 0.027575325232445387 
0.1156944750315464 0.01506304000637201 0.35149955827325513 0.5919918474639179 0.17879437720063943 0.16786455179959905 0.1475073036416146 0.01663443268632752 0.015818987506488674 0.010932006101199293 
0.0299886955371594 0.17310033829610463 0.3479890388380035 0.19551923175849079 1.483771406743223 0.015133631411846867 0.01368220526457301 0.023073822600912036 0.20485985982874752 0.02289149130708675 
0.0028649094728034987 0.0028770627799489866 0.002943175833694778 0.00291798385919805 3.290234022664047 0.9571169307271364 0.2223444411794973 0.2960943590447992 0.002839696390453107 0.012668334701812292 
0.04118301714559679 0.057113063010894305 1.1029237718636078 0.02596265706779245 0.029347641400071265 0.7456957208329362 0.004174406209114254 0.236469171601367 0.021240801103585335 0.02132431684105866 
0.09130318381134926 0.010220861219892914 0.017343455468737487 0.04803875883826422 0.040062049929618745 0.6609196596725133 0.8787866577899618 0.02002683472321471 0.07803217120585201 4.030086480374815 
0.0038702576394673317 0.0036260768870629108 0.0036892658143672773 0.0037133141333821258 0.0038164272631654485 0.005779456487465251 0.004294908316970037 9.210466382573388 1.3472051565289922 0.030974867355061567 
0.009827535797857292 0.5962787771843328 0.04409522111251197 0.1480043911288663 0.027102861561342083 1.9602552936926898 0.0061249592297788445 0.03267431818626005 0.023127279443506447 0.02247231590457586 
0.013739459945753528 0.017391027971378762 0.44034117011665735 0.0892362435934239 0.017273741596387587 1.1248832199865606 1.001135826367158 0.10785614723584654 0.02266217115341427 0.02200720761448368 
0.00427412242060653 0.0042872964661344985 0.005027271111210543 0.004660249191183321 0.004876594041110254 0.005036783352884508 0.004951205715556615 12.563768207867627 0.2450856678147438 0.014569109831234951 
0.08976157340272087 0.09768356064509383 0.21378541655692573 0.424262914411471 0.011555322789940243 0.22066018255886838 0.22234615403517705 0.04136517590320485 0.2634947231717034 0.006372783773360128 
0.07306192944820995 0.4987995788484621 0.13424145415397407 0.26908831816011153 0.19200838524250424 0.017360418791210013 0.0036503666650658114 0.255443925660061 0.026290358906732033 0.025231217068078834 
0.01130661839984694 0.733879460538878 0.053528199707777654 0.17983891423325984 0.03254320682937062 0.15929408574871146 0.006303087504261931 0.026543595877936768 1.270827994121424 0.07813198899165585 
0.007858768224969455 0.4599458894349386 0.3612308707560002 0.023227111168488017 0.23914354798247225 0.5555967697198126 0.005039302747246289 0.10992998716312727 0.1030926725372629 0.021428511382271247 
0.002936969504510948 0.0029468327407797244 0.003963227995858857 0.0032023925316670473 0.003537000171652595 5.416904692401687 1.5994026524907594 0.010340512276550945 0.015222422564741402 0.021607209085268808 
0.14195822178090584 1.0383904414182743 0.005031291403086085 0.022220371471786123 0.016777559691887822 0.33013931480454795 0.030383049748618638 0.04609710037660886 0.03167981691444878 0.2747961629094099 
0.025566578651081733 0.02715993561437221 0.19737251401438605 0.767813011251873 0.28501152195079343 1.0831893417536835 0.009916429679148459 0.0810221962768368 0.020044561529019303 1.2954934212017062 
0.003415147004744574 0.0034170378269507734 0.007972794816473533 0.003415087562002824 8.564142410974066 0.02605285121408311 0.0038113145210505067 0.014091991423677185 0.0034427165476844795 0.009923074209392199 
0.09097498804242272 0.10545357256669097 0.005779154363921976 0.012313140729934483 0.26491079869442136 3.449254279077654 0.006292892405363954 0.032265426317544504 0.023299287214337827 0.01829288887213744 
0.10426282119499218 0.18583023053189288 0.052369299901601184 0.06906551143947516 0.14926272852313946 0.08118949790707375 0.020428787605516155 1.065947852519794 0.2282674107141165 0.03381646434429967 
0.1874086483012411 0.27614796475307224 0.003565360364330959 0.020725160527484663 0.021309728918828597 0.3642435429005438 0.09986566792207738 0.022383887346573574 0.014238710983796914 4.128586681886579 
0.04250449990548951 0.05715798254752619 0.11519419879443915 0.14511665603202184 1.5406171586150088 0.2117763053120641 0.0036445234188271273 0.26179847961613756 0.022125272218921688 0.023392292013278342 
0.06059523788988973 0.04816869520253289 0.15412919086932023 0.07231289403745055 0.08316848958360606 0.09372751569651312 0.07251201516881849 0.8363885070581354 1.0699010623875946 0.03179936788272596 
0.08083883972637848 0.11852814623771953 0.0039008588537231357 0.19723468315277262 0.01591676277028547 0.5532554099653277 0.09212409929563792 0.201226895273028 0.016776126319010654 4.157474908492333 
0.04202177728002218 0.29394985292298265 0.12814580813288898 1.3483118557706508 0.006691787159366544 0.017527924465208327 0.3068644154001781 0.015543136063751871 0.024750954838204026 0.008978541602089237 
0.003197735264494892 0.00319841536176659 0.0032378229191401538 0.0033938909279718752 0.003666509920191319 0.004205573736316784 0.0033710405513727297 12.126162368250275 0.33203071702682246 1.4604504474601663 
0.019921050958209223 0.139497917826908 0.15799091151724398 0.8621946273276763 0.4517024679623112 0.01795840539483587 0.3030421793571471 0.012090622496402172 0.02124574701759619 0.021525341819286087 
0.8945540860733421 0.14434043296280502 0.0038586067942761437 0.06031587862921341 0.04465171920705166 0.014115881784102153 0.004016798798437762 0.030123488301785316 0.021162356309296533 0.025821051506244676 
0.12510436825737645 0.06932098402393293 0.042108820708465326 0.12705891224639945 1.003897502133769 0.0184571595404084 0.12560645972853776 0.1267534677020835 0.2122682557922197 0.05013620340396964 
0.007989329716349237 0.008063993748445006 0.008161192799968069 0.008080981676689697 5.832210145571574 0.009086943650969927 0.13263968781202198 0.17369079777013532 0.19794723980074203 0.03749152829582056 
0.03129731361124033 0.2466154411563735 0.10422437616940702 0.33870140207221494 0.3741719312078489 0.1869778630745118 0.31742055380535705 0.011424844276554352 0.025563177972941692 0.005331736638344959 
0.004433523233093094 0.004328866056756701 2.3834853113973105 0.17560183043204478 0.005395525071831232 0.01804891566824443 0.0946303221273021 0.20809139292703122 0.21005522570245685 0.009587944095331967 
0.004540498260169447 0.004485683383413425 0.004502104879496789 0.0045433400900790595 4.384718290581878 0.2611156151362991 0.29779661644807554 0.35557330267703974 0.004487658585010249 0.0060590496538268646 
0.03440035294252451 0.0352191548463109 0.09788866290929432 0.14397510573409328 0.005528618350535173 1.3977911279868662 0.17397392953798274 0.03205004472847855 0.022709526923109492 4.032398720013381 
0.42038390213380594 0.024945999871037978 0.06195092545846557 0.2048121110115418 0.2305870087295441 0.046975103450273586 0.15197140119125138 0.06334610388934113 0.03269615593157639 0.0200342501601135 
0.14386195600026258 0.019610140597282163 0.040048394425530286 0.13753189515612307 0.2015281122149411 1.532556057409538 0.25165899316869356 0.013206944345854423 0.008054381501375184 0.030741966932126674 
0.006549181392408662 0.04714010681403293 0.0509991733136705 0.074029884410065 0.3533546898799945 0.10189693119248544 0.051867000102506985 0.7552548011323243 0.6468978860480812 7.1375501229387535 
0.08100231555760286 0.11227358466306056 0.08686452384443204 0.084829377412079 1.3587645070675496 0.1987841176776495 0.0024585570313273375 0.009714867477985696 0.2029678000197306 0.004539030670197364 
0.09424684767309442 0.14291280113293095 0.05785780424293674 0.07205805048202517 0.09699050903681286 0.15568493205844045 0.16299131362744665 0.007357583758183339 0.1793446802737727 3.9853009402809754 
0.07024610466707988 0.7624756943129296 0.0041447529408767505 0.02350804562920253 0.18645087967097887 0.004105701724415958 1.2064845299074871 0.02965393564551265 0.01762209876326056 0.02286791400044874 
0.0027661419052020185 0.002766748333225846 0.0028437042937168385 0.0032312142774374 0.0038004273362549574 0.004718908822468738 0.0033138715185237096 14.565852331615952 0.016888412954831754 0.016784758367033224 
0.3588527904088422 0.041286424068546185 0.11717607890079651 0.024758626255292914 0.0276279247108231 0.13007919086163866 0.17179308965352677 0.2029967082435537 0.25965438733056984 0.016011286241905703 
0.23043313226684206 0.2149700875466335 0.0039474781997207815 0.44821882562616144 0.014474207615762806 0.284082496785216 0.03027129087222818 0.23381483447867304 0.03358238273179605 0.004372915943861411 
0.16341178078195645 0.02400556358131698 0.04613187048320509 0.8278476617072639 0.09889164578673688 0.1878079858125695 0.039180439180262996 0.13050116860198016 0.19333590489170804 0.052406040002291716 
0.028798833418532576 0.22603356196582997 0.32866031164204673 0.031869198763665195 0.6199992558955396 0.2686105205817773 0.038884295647476384 0.015759714496472267 0.25899576000996816 0.027223974740061305 
0.0028032765367282603 0.00279036231379104 0.0028464772934663047 0.002803575747607881 0.002799434903222868 0.0028062409881688035 0.002812571346045876 0.002818294343796117 17.734075105203832 0.0030868857275804873 
0.044881461744402905 0.06161043671527907 0.5452030287939996 0.1187610326137706 0.31655150556100975 0.1897587792799696 0.004084832030235719 0.23085289906386278 0.2557282840654461 0.03993589741104901 
0.0027499458135244762 0.0027499482435790518 0.002750061076444728 0.002750086853565531 5.988167192601295 0.3024269512110239 0.0029926381399097354 0.014178825276236538 0.24222570172557076 0.012679025127265051 
0.006139395477897839 0.03232211702535453 0.49267378279574203 0.07668344368853704 0.07822023882295727 0.07528415564471662 0.7550611612053417 0.07914783107157855 1.0892992770786116 0.05970606837940429 
0.032193057937248894 0.04511990193645072 0.110800838051785 0.541552373572792 0.10986347443525267 0.14103699348366094 0.9897302010100715 0.09987077076971684 0.09505114173269141 0.005813439208611363 
0.22317587564481198 0.02703493162789171 0.04795982786432267 0.09051522750785353 0.056643645334082136 0.12019341228273012 1.000501562326148 0.1048092770437534 0.17901659567965594 0.0611452631275099 
0.4399800275021573 0.09331470003061669 0.009718185997319644 0.04349793918830008 0.1944573972777539 0.2473261644753829 0.039188203512692435 0.015548988738302788 0.2594170198989532 0.02619014066852282 
0.023053319814236244 0.03070811381786332 0.027043134328882914 0.11107663383364544 0.15279121743059285 2.390507162028689 0.0036549423175924875 0.010981375718442212 1.1723317589857243 0.005605577635262366 
0.12040552835001472 0.019540004312583643 0.055249006662577566 0.06165470653208615 0.07214100487691535 0.11241600365267002 0.6530483298682971 0.15777802260345383 1.0764583643942196 1.470668687767828 
0.026811997146281522 0.16876415442663556 0.19365650734647774 1.0321669940110358 0.00695926008146546 0.061664197725219874 0.2554427297144829 0.317302663966072 0.025042470236645728 0.009270057000530938 
0.06021562447604933 0.09550598256705872 0.24525023285429026 0.08119475435897133 0.30997579670105047 0.43071714624686747 0.00557486555404827 0.010398602708209807 0.9367501714948419 0.008407235131037635 
0.05826279272328144 0.07987633442334245 0.20855471238487502 0.17026053131307606 0.15085654105959567 0.15617946241955946 1.7033845155347274 0.009870652982374653 0.021965216673304176 0.015925511074578482 
0.06768951530607972 0.09946596890997422 0.08009507391596551 0.12817750795638272 0.7504659985361237 0.17190609592021766 0.2560251332823087 0.011865526050738616 0.244410814964963 0.20843309929199508 
0.13769608047761822 0.14862776933310928 0.4080923673566358 0.14932268526651082 0.4242616887792756 0.4914860558277105 0.03363884645834308 0.041471245445237614 0.04552823467960705 0.03647504800181767 
0.13238359222565876 0.17418912954548377 0.0030119369914478446 0.33982083839026256 0.011843457080393147 0.188406607996084 0.25806277280098117 0.29960426798537065 0.2167769478396714 1.4497070183844682 
0.004003529511818727 0.003982450040620802 0.004098718950354334 0.00405490633579811 0.004041523654152961 7.279300234700928 0.031036063183767462 0.22713630076879876 0.23481891250091588 0.8586331421237515 
0.020838060392777892 0.14318407235870564 0.172292068778992 0.13334588740151382 1.8134635824700902 0.25073335819170167 0.0036452072760881048 0.009625562230897586 0.026154169076236092 0.006041255104084714 
0.05875113525241508 0.47932128508086747 0.0036089128569437765 0.23795838761297075 0.011966290657291942 0.21159170995315343 0.20525073224675047 0.3072086811866645 0.20112353034268238 0.020998131641974883 
0.01617019377190309 0.19551380598411464 0.05123214545503516 0.07761827141777203 0.8011243840239228 0.013230800354981514 0.09517958985286329 0.850589729042142 0.2428941663800042 0.06670768186538495 
0.09736149084847638 0.8601528315106094 0.012568986467034794 0.05039657446788243 0.22862966190430098 0.2585300500018624 0.0470822537737082 0.020064301267675597 0.029857646862548638 0.029833590280297455 
0.016901873103682755 0.016688769900277206 0.2914052470318715 0.48755604726186946 0.08617605783753694 0.11477344279197217 0.09152790047435623 1.064673964988349 0.2017804333208905 0.049077051398402974 
0.011780895416560909 0.01629358622776538 0.033185561363374354 0.4403279192459997 0.15784561367208647 0.20444470287158045 0.16870164368240742 2.8549040072852656 0.00331742528204379 0.0045674804308917585 
0.03375192073358683 0.29221899128471024 0.13765243448394998 0.19436779315933497 0.22491636639971627 0.21018073190963668 0.2597105161865175 0.030105273328587454 0.16194898277936032 0.17464686791693704 
0.6744831795627474 0.005700209120844229 0.005709187999658591 0.01720604166652355 0.012652258755599458 0.0054213719072725795 1.0747424208025251 0.2388135669793881 0.0446376672344395 0.005337809569446614 
0.017491992691541017 0.022957300433290084 0.24638101978461194 0.061273472076433876 0.11415838307974853 0.18623996099874704 0.8126696258039161 1.009734579873662 0.10472738948490427 1.2578392516103638 
0.031424508386662504 0.2899759260035216 0.007474613004112427 0.3188576518452564 0.20394596277032617 0.08564032315545522 0.00970323084085201 0.2915151744757929 1.318695901861666 0.032263730357009114 
0.025030834901058417 0.14574181631180425 0.05019830063493507 0.09981537342863447 0.07571269957121514 0.5427199112712741 0.15504409059106936 0.18152635257999847 1.0773190754409843 0.05228989697618986 
0.029751299160839052 0.04372830698398509 0.18652808758156128 1.140589157911324 0.2605896538184917 0.31321853797216037 0.0033539670632881705 0.22600896501406306 0.0032561953019670646 0.012546121422860521 
0.024486440077778 0.5393142142144044 0.09122741191494081 0.1294111151211757 0.17321962352002623 0.18704627485484854 0.22726839161996532 0.002712265260608837 0.2213157904111987 0.0124918188836646 
0.07767084790064746 0.012203946996850136 0.03044244328697746 0.05187596841427449 0.837799092060935 0.13074038834130447 0.14503479732035723 1.0026202381171667 0.1967010838845325 0.007113405378713918 
0.28340696815555727 0.06703161486263996 0.009394328525191883 0.016474190545191027 0.09204630961241977 0.13584767093125913 0.02140063306184773 2.3898704513048425 0.03237456342291309 0.0090049260688417 
0.03036798114601415 0.036964078484739586 0.10077138853151833 1.4273753399825166 0.11017142936968498 0.02615408337742247 0.21097547069576858 0.12766772629616496 0.18043905749838418 0.03213455273811377 
0.02300245463199392 0.1449748135906127 0.3042524783210301 0.09022976419614166 0.6504428405944872 0.15489233197847668 0.10094635108319966 0.22292952285723833 0.0670437426997327 0.008594214952040088 
0.06455560413875018 0.08267221278854225 0.2395120866452724 0.008617416139809103 0.5141180077054616 0.1549458938778354 0.5504552654695845 0.0293696982675482 0.2356125824543192 0.03186992266169741 
0.0258867164051146 0.23309032349380246 0.0056554186682191655 0.17538495824476674 0.04896754164977245 0.08808879103502366 0.6797740031522674 0.27454413433455016 1.0252267219980664 0.15315588142364053 
0.023673804687610885 0.027786327942002587 0.06838996541590366 0.10118247383796584 0.060683354356441385 1.081463346153165 1.3431832163286315 0.10313803088844722 0.10401277979477445 0.005000087087861629 
0.09659459313981719 0.03941132869552688 0.08544376955430397 0.12568692978987445 0.15013763708269598 0.8817447734558918 0.24620656800201998 0.02568738835957875 0.254575422741569 0.02148287845818768 
0.023083469822754207 0.15016511191363466 0.06204651327265236 0.537812135160016 0.3063453897932845 0.1807106218694528 0.014918528980760157 0.21696102653716107 0.31436849825805924 1.2422834240758727 
0.02702479943912595 0.038524481953494547 0.09304112237321725 0.05229113124259792 0.11212222361935491 0.48930623186490096 1.1979485530469607 0.18208254542623242 0.29574924534331243 1.2924056608087517 
0.03883016145182107 0.06427114299750342 0.15566760200925897 0.039994502838021265 0.06767380068015919 0.0706659449343909 1.7303322398837502 0.24164171870363457 0.25705197547705533 0.04159191629866597 
0.028956426387059517 0.16354062240756378 0.1783815298415427 0.8458965167313899 0.207702324875704 0.6163130547972541 0.15101536147287617 0.022181249040490042 0.02958135081208278 0.022181197608514874 
0.016076002461770284 0.015789983739391868 0.035751301553951155 0.2019275960533817 0.11785632839294552 0.7458692127443602 1.7956439161082567 0.23461880622737968 0.018635946475515308 0.08033478481570361 
0.08530205661622707 0.9772477085704145 0.005481657803115334 0.01942279832565887 0.18990068363305249 0.0046993147388886426 0.02181192655968927 0.2169406582226688 0.24099316370689455 0.02858646791018861 
0.15929228099609594 0.02473323468394025 0.04306965066032878 0.07540287622604437 0.07406997022700929 0.09348249986843735 0.750747568521039 1.0868008707270176 0.21275648168988734 0.029197812440904306 
0.052322952907457566 0.08269506499304047 0.026720496458231047 0.04057756472391226 0.1696645255853833 0.08852401783166153 0.7896375754892706 0.17184165049851072 1.25899261356801 0.15462723872169287 
0.05945109638460559 0.009881401722928135 0.11282157687776133 0.15371443759022488 0.10503937718192126 0.8844345672003091 0.10285469034394237 0.9395536252795433 0.06153351731353565 0.03342562406336255 
0.11955545261012704 0.01914383438022237 0.1791467342602257 0.186239044150737 0.009952866826102101 0.6341138509169262 0.22203264506621978 0.1833469818527984 0.24256419516499883 0.00826311570675907 
0.057333063179331456 0.05033066184305665 0.10673175891497733 0.23932966021500135 0.10881007273989345 0.1307067827594312 0.1457402169664653 0.15340402020681193 1.2437903489784474 0.04161185844523775 
0.033281235944351235 0.03783373105873038 0.0783881536972651 0.12157655155451558 0.13851643929056712 0.11720839592486904 1.3742987896098562 1.4384985212334347 0.03607099874357005 0.026913184534374773 
0.13125344456786184 0.12513862284208327 0.00600780839699294 0.021088309029426947 0.09020201811670743 1.0232145469238327 0.029810391187180055 0.012201998885618438 1.3521769072892407 0.024948797237121137 
0.016599092560362887 0.15043257993211767 0.02645788109253033 0.058049744002420384 0.5508764349626522 0.7765310422619687 0.18573484438140378 0.21204868653502296 0.17627792737658124 0.039905973578951925 
0.04323986087115533 0.07839666794823492 0.02271575709112661 0.044019699278252514 0.8293413027918147 0.09607127966326119 1.221622208980346 0.11369526544113065 0.09790981703583243 0.040964733657218345 
0.19515787985540525 0.024828848391777934 0.09925964540050611 0.06136803606983994 0.07045423285914795 0.10596699924113329 0.09886003239175081 0.1681901624352456 1.352645971176255 0.012275065267636574 
0.010339091561768599 0.013903031041928115 0.03287273237054237 0.06717471300521625 0.6447526931266843 0.7346940788576034 0.08365455248977202 1.2010427225402351 0.22930524050419168 0.03278799092567225 
0.029562281279090004 0.039676897629550685 0.10633727860906554 1.3426038029812797 0.1821930678118235 0.2111206028305408 0.036694767786874166 0.016370984269865788 0.2565090831924341 0.19587360320554584 
0.4778153656988241 0.004720040716964474 0.005615128181027991 0.15717836756638526 0.012804766732446734 0.005611902770010738 0.013356640308552853 1.882994926286542 0.21007519266976632 0.005123556777246554 
0.06106359935495845 0.012001378307564566 0.34317860454272936 0.07904931228755038 0.0890901943165975 0.10788855094365407 0.1314030038376688 1.2322612449526114 0.24299049490908592 0.03815288864413349 
0.1070892592693598 0.017561312208032205 0.3138239206639429 0.07922150866416393 0.6531850988687511 0.017614675724688167 0.2258459446654173 0.18895399763391768 0.22102909881881508 0.02625632525125568 
0.018905212037888947 0.0053473168101039956 0.15200921577275667 0.5114436829017517 0.728653191066156 0.17731269583105896 0.200976002441194 0.24309406216758067 0.08493915615850606 1.4674561508130541 
0.16074774800134067 0.019632383143974995 0.5173381385461232 0.12054291375275702 0.1305062499102068 0.16770457055651475 0.1433176967768804 0.01026192846332246 0.20033747972394772 0.0065835928313244235 
0.003970348114062929 0.0036540764285726787 1.924902937292803 0.0035937467131471547 0.5314619554143878 0.587198454951497 0.03141977267178529 0.007707427779127448 0.03053732916199267 0.006774303131630162 
0.5155185465069753 0.3049144600401015 0.019434403372973502 0.0709469300454547 0.029642652580774663 0.026443494167736344 0.36500893692353836 0.021233140690657556 0.014348552037787383 0.01789669782073618 
0.3833314469850646 0.3546265894923854 0.005980099167127189 0.02822666236950756 0.21946367688162344 0.018000790536816705 0.3003978683050477 0.011538336857090912 0.03581542805044012 0.006821998787217575 
0.5657648672762782 0.029122267992764284 0.08603592140194528 0.2634355279933997 0.008530856227957252 0.24863909722898905 0.02799127573229542 0.01771026213409785 0.037159436284471006 0.046933463704973186 
0.38253585309907273 0.266062587540469 0.055253270074724574 0.02274039296080188 0.1656412522294058 0.019565196649308548 0.03248537456823939 0.05246602419380827 0.20644506384507658 0.00880501301376981 
0.010444676619400229 0.642522332537397 0.44530849003066647 0.005511014515857821 0.15814388071341012 0.1927738253810796 0.036856221171457336 0.2591517859926171 0.0355801255330311 0.043486390919144684 
0.26106442829542825 0.3192279314296758 0.1448870091693502 0.060311411211150565 0.023890502745383457 0.2140279249972054 0.011515777682186423 0.28534426975434846 0.009362601593374898 0.02021613859330385 
0.5962599009311048 0.062284550267588175 0.008815157324151878 0.23825714079377103 0.2266653457452469 0.021354694263989 0.0377131733189701 0.047077318768561194 0.03001228070598344 0.008483547966834487 
0.300197946457825 0.02338514313017482 0.005688841832215628 0.4772728832842704 0.017681550176306956 0.11874676705513337 0.23431342399046082 0.19658043395921335 0.2646885612550616 0.021972678211766204 
0.1636981721891324 0.16031673077680025 0.004039848790227195 0.013763713487802642 0.2713441580534502 0.3552644345883367 0.5205063279645373 0.2572573698638843 0.022509714384067722 0.13586402349499238 
0.20395747418592092 0.1627579978389201 0.0770580677844351 0.007931018425301108 0.15163774466145016 0.12132644352377711 0.19745396496354764 0.24174157800573084 0.2503961131939755 0.021134982791614812 
0.044672306760362934 0.45712331688817587 0.007211888094820184 0.6109777714610352 0.1613837029563005 0.15305905396640437 0.025004127492011675 0.04263787867233437 0.26060867672404786 0.008640386358785926 
0.1107299450205062 0.7434011716675953 0.1922079757942592 0.02904857392417981 0.22052754202373487 0.026928422489092267 0.009849156742704665 0.05122863146976893 0.03365900128902085 0.01097640447559616 
0.14969362446337275 0.16812335051663937 0.08602370735247981 0.12633543758090296 0.6626138226365009 0.10669434110620846 0.15469866323881917 0.013045920176042843 0.011221412922976542 0.007160472988046936 
0.02624291871339618 0.3679864030569509 0.09383563815870412 0.18329267590989032 0.32339443685227376 0.03630681009856318 0.24298884496359494 0.05726917141597818 0.266755804021465 0.12451134354752756 
0.027712937258114783 0.30382510323992823 0.6509649759797245 0.02072272665898698 0.17982007098896913 0.02133139051739721 0.20424768611948105 0.2724773989551768 0.03666341597220613 0.016468793212025403 
0.09702501701265048 0.6545323570785596 0.16321631250691399 0.2163896744645697 0.021130520336985516 0.02504313376617983 0.00979306496855169 0.26059022889894584 0.030727598584405113 0.017804647511804175 
0.34218510895573023 0.005337440113930595 0.3239700055002444 0.017269876789914207 0.4845883500577508 0.289734538842978 0.031249602989504667 0.03579748170029046 0.026754973411323497 0.10593189650300115 
0.2693675913307441 0.004182627977746971 0.25502766266529553 0.16871227357465077 0.14975792018202277 0.2436961514806354 0.02528711019469574 0.3534260402878737 0.022045426340344634 0.20657895324360914 
0.2122410416717035 0.23762408183679168 0.07062396365912932 0.15779707802227355 0.4449797831874101 0.21215217375922393 0.0037163589414137806 0.010805479484494928 0.014213384483597593 0.008334713984004155 
0.16207642967605723 0.16811068224448858 0.10825648802370141 0.23818676557198368 0.19829371150174674 0.004226303678072708 0.2116875518087278 0.2553206531474848 0.031709443846785416 0.00899058050620275 
0.4265583687692872 0.06505102040898209 0.1601984009017166 0.02253828537566091 0.02429804779011694 0.1577863983134124 0.2802841434302942 0.05256536592586375 0.036234145642410565 0.014995353572834606 
0.1960570948487008 0.17786344109537347 0.674480629010523 0.026344150645847948 0.03275494000637137 0.01716461685184475 0.049682729954965914 0.030254039294707755 0.2502276473979705 0.04288207587416641 
0.008650693759598281 0.4899971203098554 0.378659756512971 0.024626284389800777 0.1510837318319267 0.15988225341361492 0.21100714700382747 0.25648464540253213 0.021701169020665656 0.041334784112293244 
0.20297880013574218 0.19462860921574687 0.21981738942796833 0.28116198537498005 0.005161661291524658 0.01624334957841646 0.005111693801997764 0.28812191816605837 0.28752511389423663 0.005096118488446767 
0.018181433023993512 0.28248774282163097 0.5760422077287789 0.17098639631629467 0.014280128509185985 0.18054889592521906 0.22681401973688564 0.04179111453813104 0.12398992236629965 0.04188814637235154 
0.2800778115062564 0.004734068703513242 0.32556459891413586 0.17530921357856455 0.013803561932757759 0.15091743926391074 0.23139885494183512 0.04022965767051025 0.30968648322061726 0.006361077654438753 
0.03537527591646926 0.2518267070696967 0.30894710462675545 0.1578144484676286 0.012523325903801147 0.08268603278440141 0.19973678596552324 0.35314742019191153 0.2551351259984099 0.019314618033310894 
0.2566584510763774 0.04012622739580825 0.12600993197553942 0.2906732961297542 0.018320440074983832 0.19355611014995475 0.24818526044816464 0.2564478808624048 0.00808112296338358 0.29572921646952793 
0.2610002774537392 0.2692330566400062 0.007657453749638386 0.09506491881658724 0.15346241671062455 0.008391329646135646 0.22455883294061454 0.15451452470755278 0.24429952908750954 0.03369268747537925 
0.017708097041768494 0.1860871714050439 0.22204425290293775 0.4879848671366571 0.14542284305300818 0.10536053732392667 0.21066226448624553 0.25520690003891766 0.03249393738793723 0.028269093632412336 
0.06356406954437155 0.08200615521459595 0.19067065283704399 0.2927390324693109 0.313319746031467 0.19708823380865015 0.006648148929154954 0.18417200264837635 0.32830187139141537 0.055158408686849555 
0.07156376906808218 0.09839193490945161 0.26890009499772577 0.03988535003565176 0.6427212669491825 0.157039968429288 0.23497287233963374 0.252265149755969 0.005968417425277289 0.03431691155041163 
0.09058799640437619 0.6223003235828796 0.3080096734388428 0.026682182816501657 0.02215140274431745 0.021795403494225235 0.29338575866672 0.05557908094389589 0.032867564360382094 0.014551773382641091 
0.27348709896813905 0.014569866242074878 0.03937674397295486 0.13177458607451237 0.22487168284061507 0.2635078505180034 0.12701670886845962 0.23946031395016368 0.10506640470537981 0.005483993100845066 
0.10899735791634861 0.13625388529906196 0.08450411534668877 0.11741173116255663 0.3405934233390611 0.01647688360005745 0.2747292028699861 0.22836263944908386 0.25017839481613197 0.025554626945215427 
0.09082114875123548 0.5736689801963059 0.15571191468974666 0.02599004219702649 0.026274444416918362 0.2862289693131074 0.34462773067662755 0.0576369451247462 0.04007466348244666 0.02360055234964785 
0.4489999343443396 0.007524819590028763 0.07579083235753115 0.16301772951648136 0.20806924835164814 0.04042038855322564 0.022949344578192622 0.23607163197838155 0.23631740598125706 0.16056280487039998 
0.06221883326660958 0.33131545845349375 0.1449685729189701 0.13442793344930862 0.01123191057657011 0.19200172177297153 0.1903892900264071 0.17647326595446516 0.26400083906200517 0.011148113947607485 
0.755630505764362 0.0042149465631248035 0.005421092860223662 0.01807057783626071 0.3006583445352565 0.00556103726715672 0.2143539214944953 0.04128132641233207 0.21839196381990414 0.005177319737190255 
0.006627675166095847 0.05679732785295029 0.43262075512321385 0.09397704696279607 0.08830685152616093 0.5594172344593547 0.3519891343720489 0.23749758613582073 0.2391691190663662 0.0131486664901779 
0.20444857099483862 0.1588205365210136 0.08503891735752804 0.05582248806575718 0.17516768711620187 0.15066069525534112 0.17325672295510833 0.27044297061294814 0.017461405500261616 0.024750768214690813 
0.15332075008361318 0.09239585982447063 0.07845438540259757 0.10426775339158603 0.07510138504515972 0.12036215916492879 0.17921941646765038 0.20488644607177806 0.5518181258123637 0.003184687586712239 
0.022413015302518734 0.32013783872696366 0.07529553850271582 0.137817387853606 0.004406252542550484 0.7351222071191557 0.20318211299852293 0.2188263929872929 0.2640609374683072 0.04570490931221819 
0.039118530764071444 0.22978550732942765 0.0642956511557369 0.4446856882257899 0.13667070439810172 0.2628814384736426 0.23409971250136097 0.2689547972529477 0.004472749087657447 0.010960348895319322 
0.6953670286751308 0.0050935686642618865 0.35453340691887164 0.026536965205609594 0.020255490099333112 0.00664434421699121 0.022294779770172676 0.04255145672471397 0.2553697196017734 0.006663268937914784 
0.3867734505334174 0.5345064461823908 0.005791841545890091 0.033310403897582816 0.04261667686536738 0.01649934457080918 0.049360585411171 0.2259844422594364 0.023040520346639993 0.04210443182502358 
0.09498518029070974 0.4262107795743556 0.13595901835212862 0.34922973743302493 0.03154651608723116 0.1881756842624936 0.04419493870439481 0.05727184761179037 0.2681204675880691 0.021095465759027068 
0.011139715168677969 0.650983171422181 0.49918535991716634 0.03307565044053176 0.03444987949589707 0.18205805903725703 0.045545281873737506 0.029330981503124062 0.24219391296224185 0.03155877721071736 
0.0600804093513287 0.26393293547311925 0.0922198982103314 0.5698336248520062 0.17809315483055907 0.02067762505288471 0.007266588469704538 0.23109483361814137 0.2023058734511856 0.009668129484692069 
0.31500105422821284 0.042842776929567714 0.23377157920172859 0.2772708510123646 0.002946334672019562 0.29423851396540757 0.006022540222970984 0.010623147083369443 0.24994559666991517 0.01497964104230532 
0.18974742248070278 0.1474452161802814 0.07904154043520072 0.05195469714873036 0.147726921071454 0.13801839102685054 0.2045476541997017 0.25404821619753465 0.08919099837162317 0.023180401182452327 
0.068673619106719 0.4319446402792813 0.12281812038207236 0.018334955885063786 0.014264367228820275 0.19456880828208162 0.1988186279085512 0.2203898827307776 0.3550717981535469 0.015060416344606212 
0.3832839021719656 0.44552447744230805 0.00560178306809738 0.02283645677404436 0.016646952905376582 0.006061436666345617 0.2501662934541465 0.24981609890009898 0.027060596108910054 0.08243402158638016 
0.20598697159092996 0.2620519265956144 0.012142262818518181 0.017965731886120117 0.15188910606372538 0.15202834616730743 0.19434674638178767 0.3314116121513548 0.27022438882370986 0.011531073007679127 
0.717393516309052 0.005464326836226801 0.17979169150585836 0.024242228824016616 0.017573854510768795 0.2710843352390123 0.030791015434604357 0.046498686722429204 0.04161806287892179 0.0062258108636680815 
0.08796594054150678 0.22428404988401193 0.006612528080140101 0.09941402064530912 0.06822550748462516 0.7309218478472562 0.1169134981629944 0.22617126327640932 0.24363845606940765 0.04302132138080549 
0.7725905203961243 0.0045446437897541875 0.00452198587706783 0.018231280948891187 0.013366854108201688 0.602919526101782 0.026930481192740024 0.040818174695978274 0.272519372863107 0.004934624094150732 
0.21671221756352857 0.006028709983625304 0.041968066517278184 0.41200487047141476 0.1262566684245279 0.1405041541069768 0.18784176320454557 0.2358207287845879 0.20193569153337604 0.009225507207424453 
0.13194739403366673 0.1816664640388745 0.08143113498585619 0.16879405090763988 0.11562136933178505 0.13996670926815433 0.13631359932868284 0.09215055639335726 0.2461776075104448 0.07514375294050768 
0.10920581479172997 0.01555008170848584 0.36368613276062023 0.09973013817436734 0.038775281967554615 0.738156687046956 0.24419143113739158 0.2453676984451819 0.013351560813831355 0.04671890114672767 
0.06128878913046614 0.0741428044557789 0.1855452893532803 0.324503810965505 0.3017305083158506 0.5171235163111441 0.004575885836754316 0.3818524784411095 0.00911989362695385 0.221342124365137 
0.17613821063809781 0.027064187545372848 0.12765392362061315 0.09957900307810055 0.2226801116580597 0.1389194107796986 0.18447831249267582 0.21101614134311134 0.25477939291206575 0.002973339466231682 
0.0738342502688467 0.6382191654173317 0.14139076137940854 0.35054470079661026 0.36943175056620886 0.006780326144855894 0.003942072690554421 0.015418505065125668 0.0038689007198436454 0.007444826964844427 
0.039434694083724596 0.06256745214564234 0.1501433852732876 0.6607293155539227 0.13853821442508316 0.2995591670943927 0.28751088720487367 0.0067496462449953215 0.28849643741125275 0.010969213805507453 
0.07455911186209235 0.5816081013713523 0.25860820033181214 0.21686530858157904 0.00337107817725382 0.014648254781893659 0.3545005783213001 0.012178096662497159 0.023300594914085607 0.005634893047786619 
0.017098036057460526 0.19568806807016567 0.18056963176722116 0.2802876798760333 0.18883085125457202 0.4533312686717037 0.22747971305027206 0.19811651749834636 0.003920555478430286 0.009833258355627731 
0.44776830662810835 0.028253157158770532 0.003925751798991623 0.013697032064247019 0.7247855770035534 0.17065428459200785 0.025509122091034418 0.041020990521858626 0.21491466609539694 0.007835171434139105 
0.33316562771696007 0.04363288051452688 0.07750392855717132 0.017066607066265387 0.1069042445908256 0.1512466556983238 0.2327287800519576 0.18640076091360375 0.22501122403181184 0.07742179088617772 
0.4120402190714331 0.007267130593256713 0.4959829045707457 0.02662408756736402 0.01845033893028255 0.25217745593062996 0.02985760253750378 0.045837158015041 0.248611251279287 0.007672133599680114 
0.36393510084119424 0.5400442274138301 0.0038507956198178665 0.022480928086487547 0.039175322393174936 0.1847535506523781 0.052707636170963405 0.0308025757218598 0.022012837536175157 0.04005056411382717 
0.14286551357522498 0.20205477826260612 0.11928082857203827 0.0060276461191966346 0.11977122744906846 0.18143521894020967 0.18644545771884896 0.22479265929900819 0.24083822194940774 0.2910413718429078 
0.06655484302538171 0.09939894001536538 0.26012226567549146 0.11747998019901507 0.13239804781334505 0.7124020384319645 0.010262975407932546 0.16587474540972752 0.19297149069204672 0.034709479273867166 
0.03369740834678887 0.37424640431678957 0.0914578358732358 0.02918237419605521 0.23653574607311045 0.18929740398894132 0.19573207240953255 0.1939578750332622 0.23680390960030592 0.03140536674721932 
0.455817048726391 0.02082749843583031 0.24250477715016086 0.20526434087525558 0.3032793777799496 0.017716291324985832 0.002920341804663903 0.011824462358904202 0.02554013362476592 0.005308692290169187 
0.46752328523952175 0.004674798171177862 0.6503435431187045 0.02462357037012156 0.01591665288725283 0.006122992286785999 0.02564371618293541 0.43759850919225146 0.03491230395619327 0.005078784475356188 
0.13071387658792086 0.019390083432334466 0.43345939267730016 0.1194916726461782 0.14167803992645736 0.23887696107944464 0.24935327183519732 0.01076133845898805 0.2703352476052589 0.015635221570455524 
0.13497211087050023 0.019110445535267133 0.39875706408325945 0.11634662029072268 0.14647028174108118 0.07114047215365879 0.07796674084922657 0.38300520367019836 0.2618004697550183 0.07217331459247554 
0.07575520942531448 0.11109246287166648 0.5188368432020654 0.1435969039675595 0.17714345519705757 0.14463219971379684 0.1439214094985833 0.13291144066978364 0.004550858494604482 0.02218646001170354 
0.018427381559448654 0.18484564552254448 0.18883990062685674 0.19793255514985367 0.34916008428083833 0.09558971303792552 0.29109264698210413 0.08155602230844003 0.24194044995557443 0.026915407377760943 
0.1570041657870972 0.025738690449527007 0.07397694212312643 0.2654070887864658 0.18250726086204633 0.4475557907725915 0.23243272264887277 0.27939890851182 0.005125027700540484 0.017132453327041774 
0.01819686309613012 0.15044843053945817 0.5677155175072585 0.1159475784332156 0.14406809486301442 0.1697013069555978 0.22883010409721907 0.19702314310343355 0.03446716729688998 0.03716615037156017 
0.0050833178606828735 0.46534787614270295 0.07749453215228869 0.13486179443419505 0.17279092641295127 0.17426497548275335 0.18970375280492732 0.2911952849360947 0.2639453993257727 0.12736117514041093 
0.09316481821960945 0.10016752115238706 0.29770862335812537 0.18994402221160075 0.09511476175561036 0.154386729502617 0.08015715014003057 0.19898894058697442 0.16860588083700362 0.0031153226976383427 
0.28926494668401986 0.007417447545810762 0.14512922250992763 0.6472025929807707 0.004826377235407922 0.15020824601651747 0.004610127541796821 0.19771048135293737 0.2695263687581389 0.021106671096827005 
0.26836095260325393 0.03168467129150717 0.10472176340909582 0.07520589947174358 0.13484434201115514 0.05995647349668905 0.20860713968527272 0.22281388771677982 0.2574381552324652 0.02854869168678215 
0.08443943572707696 0.05225093298272083 0.4635516266455479 0.12384731366775609 0.08939423314460504 0.14326270294264087 0.20858843339439476 0.21786248400140867 0.1466850251411189 0.004958322105779367 
0.10992743053388715 0.14423446280783594 0.03460655044040156 0.6162557130712137 0.008276476818262912 0.1230410401737322 0.1869546090744939 0.21572423147177605 0.24388955008058472 0.012678304412554891 
0.02204334414765263 0.21802406983972458 0.44893022661837584 0.12420516314101335 0.12470160545623359 0.15756413159247076 0.1379506442045895 0.11711826040437136 0.18556427258152455 0.011440533990735548 
0.014615505384596992 0.13323331796908414 0.0344309525270719 0.504052508055662 0.6147744788298162 0.3181012776967646 0.13735558858822083 0.20106192314414928 0.02599961812081378 0.009885054666941843 
0.049903779838060984 0.44656422144202135 0.07629485683104847 0.12249125575723024 0.16802471251726708 0.16188568372330855 0.22101174258452783 0.006933808036420622 0.2305934158175643 0.00869922720030801 
0.05060077964870151 0.08329807189523174 0.1971883904668797 0.22583567205071628 0.1334224426636899 0.5937033655112792 0.058926283469597406 0.24872775292948587 0.1380749151592078 0.005673589224310611 
0.14827667714733536 0.035034751291998914 0.11050472223481406 0.45828971700438403 0.14286056575324674 0.14048792218541953 0.22396396947472752 0.04412646382950376 0.26161694754419823 0.015842365585496263 
0.07480454109909832 0.6545056258587761 0.14419438785478025 0.3630738650959507 0.3137309320672708 0.005611847668400229 0.0030452678731263494 0.014488888650168147 0.0029403962799781362 0.007864166941927021 
0.017256276160372508 0.024775911689758227 0.44546826424385916 0.2387271287479406 0.16102175823795015 0.3853209623445693 0.34392418289876237 0.4352774879950259 0.0029598292929803316 0.013161364046779684 
0.023843161815247087 0.20456921643789744 0.17402464016109453 0.08511503517863493 0.6241628754697331 0.14618083148688957 0.056363894995747926 0.15767860028728622 0.25754130892603394 0.014898842352468836 
0.06015591803241544 0.055157151516925816 0.5486630523952437 0.40800743237450665 0.41653308582915827 0.39400913953341105 0.011243024318972483 0.018695857474504536 0.020778240856100104 0.014217173837547876 
0.22467072715854322 0.026883719094181614 0.379955449018647 0.01755511329515143 0.14702129866556315 0.15442462167389281 0.2457705736277706 0.009261226079908914 0.25710053687802015 0.04559072096241675 
0.0456991122953187 0.318544858316287 0.6734621513891041 0.37029623552849006 0.3744370781043277 0.013916842025919928 0.012650570117058875 0.02342417857774126 0.011876813390214179 0.018204656045982415 
0.44094641359292 0.676254552322491 0.006952977606157946 0.02851061857320874 0.01997186354682052 0.00620376222906502 0.03042346589729552 0.04562603757852285 0.027584724448339037 0.32443982749276257 
0.2600896241338698 0.28700022838891065 0.28508493981408767 0.46894051735326686 0.004290322274541112 0.020026906331835282 0.0036965955231809664 0.01113732728160138 0.014085420947941742 0.00657679724556659 
0.08566789202549169 0.1002737160157568 0.05470453737284752 0.29909375513427955 0.5263014433511352 0.040824605930391264 0.13767655267639273 0.19015458841868416 0.19122156608877744 0.009933084882679423 
0.030299739694881443 0.247028695981386 0.5251139855598117 0.2371993360846207 0.40014445204145405 0.0041862679062728 0.29643353062176947 0.012446444673946573 0.0034352430946287317 0.012885443164890818 
0.08926257373200674 0.12863141235869005 0.5919237131513279 0.31921779321956933 0.6239669566444913 0.005013103425177613 0.002874358825071217 0.013115610178531627 0.0028256305672412574 0.018258559320622973 
0.15944477233671897 0.028522274804763322 0.5286139947124714 0.1602673942417648 0.17950898949883665 0.21507505807632019 0.0030505437653140653 0.012770857918946544 0.24367614866549536 0.03883925940446735 
0.013816521969180026 0.13354285294868432 0.27789508554131964 0.07428014188141166 0.4985723607257431 0.08893635748409896 0.17950022003306024 0.2090254496186964 0.34587056298773794 0.02665341249479681 
0.025756183535770923 0.2535884007129983 0.5072158955980426 0.22926363813425552 0.19262005015954836 0.004235918328719047 0.25643659080046477 0.010835269636778994 0.17727130507507485 0.01303856700785226 
0.15796246222510263 0.2037363641881221 0.050969717504174145 0.08575433751662236 0.10855424884096507 0.1359550698161483 0.13396754276440348 0.20384227102299354 0.23707532807336662 0.031676785220280015 
0.010257050179450111 0.7624056801686853 0.5978892670449174 0.03615831541938069 0.3951152998436328 0.015031673995520637 0.0053666326857682006 0.03151583458212832 0.017408847640797507 0.021808615353889088 
0.3944006515053703 0.08291659757233222 0.7561214333151355 0.03236516904817081 0.015072575801659254 0.025994489110180912 0.016014479945251212 0.016092147132506816 0.032152498404392535 0.21227289735068414 
0.023433322098195257 0.03575023535636553 0.4119308053897438 0.25932991374559905 0.18582720989515558 0.16616205140571758 0.5517518751441686 0.10644159869032259 0.10969836247248006 0.005142807763162416 
0.21004687879938658 0.019210251492827343 0.03139502272882047 0.3782208300270449 0.10525383895057777 0.11119795660806844 0.256405635719158 0.20765253357976754 0.1996417633415202 0.02340425609502535 
0.028134344749487894 0.23339480851264433 0.49676485597931785 0.229770164580575 0.3802775772634372 0.0034062591738838596 0.28303139714056474 0.03933319294029148 0.004211911630961577 0.01214183423401298 
0.36558562979116227 0.025611709774965703 0.05011152308309604 0.16731485631381865 0.012275824094346147 0.1761659490948703 0.22232646308255122 0.21794563000975178 0.10832791049862935 0.017638737689427503 
0.02036458091539128 0.16001163258160672 0.3391930002528311 0.15367818663664107 0.25867017947723175 0.1413699475906064 0.2334660518395188 0.011035397597581091 0.4017858742980829 0.01874187013000339 
0.008255023737221343 0.40890838235800636 0.32142413004359194 0.02187491673544943 0.21322663089051233 0.49367710202115866 0.005756327666999751 0.20196048615159115 0.23472884988123494 0.022196898465572636 
0.6311275394209162 0.005616967779801632 0.006800422026229947 0.1374375632901719 0.19990710454634963 0.1662508282148421 0.028647164484127536 0.22927606229525604 0.02714204350138018 0.005664337146277862 
0.1412122854101252 0.17351486960240353 0.08712396037590313 0.12243650243625474 0.23224027789716523 0.17909049173202332 0.005316622987113625 0.2331534172705973 0.2162594096921222 0.012833608808452345 
0.05759280866668505 0.08077509921147974 0.47373113409283024 0.25185059720485775 0.19460124350115357 0.3722981966267795 0.22191274062719313 0.004225570494349462 0.009532917138194858 0.004167663105555678 
0.008410141302369716 0.40940363996809237 0.32184511672377486 0.022041597091516145 0.21355576185194936 0.4942443251732653 0.005909323930590747 0.20233900345816114 0.23508259915347965 0.008797005349487838 
0.08687670797732144 0.05287851934783112 0.48730315467949 0.13197574284931798 0.09280944024220077 0.15055537984586173 0.21916262700137315 0.18633974757727298 0.07332349548914581 0.003186318309289351 
0.3283863867581233 0.03862991515883937 0.19279411468988938 0.16228463098342738 0.004030240549284875 0.016284374310332705 0.21489245012878788 0.1868622793358964 0.24314329258026043 0.0060760336055053705 
0.0074116175973082885 0.2906494730018224 0.23017167573404892 0.017601550741091317 0.2418496477332519 0.38646658641343473 0.20531188207154916 0.2433558410168671 0.23311710290869755 0.21826027701496992 
0.12673896671870072 0.015572527220879368 0.23432430093420517 0.08931968504268593 0.7095653599471305 0.15727704565051334 0.002519767380403749 0.20200276599476927 0.25365726142298844 0.014653414241661547 
0.028247964268608407 0.19871717835192926 0.42589503859709626 0.12227074854116539 0.11919744260730371 0.14313977501700426 0.09279051126947445 0.18455463736292696 0.21456897433299885 0.008283457330876222 
0.6058979673787519 0.06350983073921425 0.006937138319010629 0.18641752043217183 0.019111219629970293 0.0060691727456264315 0.2149817724844445 0.04376268600999856 0.19705495413476906 0.010048020676382587 
0.0979800686519503 0.013782843991208465 0.32803536001490924 0.08962133759271959 0.1286937432689979 0.7691957957065434 0.2543222976358877 0.004057485380831386 0.24288293602183147 0.013153246594479525 
0.051697319793284166 0.4360628277954709 0.010700193574574135 0.10449942172474029 0.1458132926520679 0.14980788566879963 0.21614277491340173 0.24228096963440432 0.2423443423077961 0.04056965130379514 
0.24373586372199052 0.03393861516460257 0.08237591241653582 0.10928982730118146 0.01447966599033234 0.7177110153056581 0.20787356405373708 0.2275508381687851 0.07173029070463523 0.04902744400336423 
0.03949672462624923 0.21043976712001689 0.5117995581037097 0.01959170407588819 0.14409601708448302 0.0984082115547369 0.19280493537584426 0.22350120609110743 0.24796947381755113 0.03294443123973763 
0.06344457003868334 0.09189565021027037 0.04183988440953845 0.5459698202995101 0.2378159144740949 0.21098706214167315 0.32598548197917504 0.24145342432366362 0.006513730103005674 0.028860908218588607 
0.043195176134563286 0.36131972719499084 0.7751356146294064 0.42165925560063333 0.12572279807272185 0.005811134141325057 0.004047417618924572 0.014339405716906409 0.0037595169220107027 0.013685351852255438 
0.011673437010040581 0.26972653125951584 0.08197181883366832 0.37642298652062056 0.22373273137713798 0.12861577607539668 0.11082778057925631 0.2249748864294436 0.2628691667557361 0.013453640197848515 
0.20609777278988106 0.2115152334415178 0.19257884113450088 0.2049728965867319 0.018415440616594638 0.32520005867369356 0.022650225249200608 0.046802828078000604 0.03514474437023412 0.005935277582299481 
0.007538785257931517 0.5406602420244901 0.3755150873356645 0.5178558811632825 0.042111816606718845 0.020109547809147945 0.004144795478448036 0.026318651271029683 0.30973641129923285 0.02066578409778056 
0.019378156834957555 0.12998710558882737 0.27971003360143437 0.43509858861831013 0.14035577750539652 0.131497998561608 0.09167410273676016 0.20405309359830795 0.2143596451368073 0.008917158433575016 
0.029113683908155948 0.0069122600588534845 0.27871171152840235 0.4825308979789666 0.6248873277977128 0.046347548394346544 0.13003592233672456 0.23602017716803184 0.18928533890375843 0.0724954707038212 
0.774627605688854 0.13010742002237097 0.006474941209164558 0.02509974124035884 0.017646127992796502 0.005627736311730717 0.026582230928616533 0.31015437492851405 0.02746332139957331 0.005773302358433166 
0.029088234338488266 0.4303144936319643 0.10848909045200344 0.07514253198198541 0.1307625437994771 0.13688175906187236 0.17474628242109527 0.17869543005194768 0.25797920735076446 0.04541787685071531 
0.023755781170189186 0.43459960722458635 0.028648202831858927 0.1720587342333924 0.21735453003628072 0.1312742846338401 0.18680851449652697 0.20162357128240144 0.243938995007955 0.009476609443474953 
0.4723806539620018 0.07885507531103392 0.18182177217183604 0.22325196355110966 0.04388249417673641 0.22156244925472124 0.05680225896694714 0.07408216875355653 0.045779444752514255 0.031282107734458005 
0.12356879533041487 0.17430866584938637 0.20436813942960175 0.024668500701000688 0.028589037341930763 0.3572452446969736 0.3168489819338304 0.346897405442543 0.009532650499686074 0.014894372630843512 
0.05380223716114242 0.06406631379669657 0.2209986814466093 0.23119968774898103 0.6131630773855498 0.3645571642115353 0.007085475150494024 0.2469390926840978 0.021792024834740548 0.044436028224326386 
0.07150347308581266 0.5173873301301032 0.2243743473149839 0.18007532672110646 0.00698454712477086 0.17520466409504168 0.3142071413776965 0.015069855721835963 0.025059347996346105 0.009384775238681782 
0.11000180625149572 0.024321099419654085 0.04281973264852469 0.7019405623503536 0.25947673646436414 0.22726637411558576 0.13753895277776082 0.036545670644278716 0.21446857872537012 0.01042945028119752 
0.15675767751057176 0.031253486956953624 0.2720320922431145 0.12207819516240935 0.13265082220619842 0.1636134858479128 0.06665210897252902 0.2271050871537577 0.24300524928120246 0.05648215779763166 
0.08757347936694432 0.6170212467495458 0.26409062529346405 0.02677911340388633 0.022341027491917423 0.3267574763699692 0.031029750345719385 0.042220046653257196 0.035065490320845716 0.007350526290545415 
0.09732545999452237 0.13935149085621218 0.08930097011075357 0.1505882071565217 0.14414664355162177 0.2810000046090091 0.13253799362773205 0.16853795995040585 0.24461392513148542 0.004141487664302573 
0.413486996643256 0.042196850855410084 0.12523935671024777 0.16897661222741037 0.20394023890915033 0.25022673496071585 0.003186161306753326 0.012195524157923665 0.024862990566882667 0.005574511472926671 
0.27286349655573056 0.035520369465981354 0.06405029520852809 0.11120241937231531 0.1542075616284285 0.12765520088131513 0.11240117559681706 0.1924401427502648 0.25273218488868016 0.017016971709464458 
0.2307227068343368 0.036318902923327206 0.1830641894316911 0.24695439820912216 0.014260501214981056 0.1896666793539284 0.2042503299984255 0.041531019384230115 0.23045239017556873 0.2622284513693099 
0.03789765597714396 0.059296767001708384 0.5027993111339255 0.08987575782005104 0.12921761780888774 0.23210966310563125 0.3068701405389081 0.16108655614901704 0.15624067768269082 0.1303250828509716 
0.24369816530908922 0.029384623428647547 0.07971142885741966 0.10643943621005919 0.19504591540401986 0.14575652010992995 0.19815387520775885 0.15197634674562185 0.19354535058583477 0.04213541159557136 
0.05395418671058136 0.43633266588410863 0.003225861208271871 0.12787936006672757 0.20886359671592344 0.23231283105272293 0.2373314435690302 0.34209335909065847 0.032846012752990525 0.021096567425279104 
0.035547881334901964 0.23199883848990407 0.0602480668438163 0.14930620699847671 0.20556423587611602 0.23198463468465097 0.2834948545794295 0.01159841986984743 0.648425423938869 0.18491775554455045 
0.7549023385624777 0.004250983679229452 0.23217652484018428 0.024921467627470686 0.01758154043793193 0.00624561742713829 0.026272423033208835 0.3426920279032938 0.027608022411877455 0.00464176224624491 
0.3296942315777944 0.047775602708139436 0.11281772464014002 0.1488595553739057 0.277881877532865 0.2049036704096533 0.020796925230850666 0.04831275489540975 0.03570287075536072 0.044776775180523455 
0.07622861621247011 0.10831884816920288 0.27127461138455916 0.10789200444787152 0.22725581529646482 0.03616618317871417 0.1992562674341677 0.2227571093428109 0.2573588579263814 0.041867254832714584 
0.04814824991464658 0.33363427865919754 0.09553962724773468 0.22859179754981315 0.1405038814201687 0.1464419491391311 0.2032439658878338 0.25429537905296495 0.021728602732762614 0.005714672060927372 
0.30017443506491154 0.03561349894526467 0.06549609482903015 0.11293203063115069 0.11299572120505372 0.13894412194225006 0.12191716160133413 0.20436713837049683 0.20114416110009373 0.017276462451039563 
0.18761946495157306 0.025341294263868847 0.035869319821759164 0.41495953936910707 0.14129321804475597 0.09444518186165198 0.1860534411666375 0.2204897480265296 0.20731592314853092 0.02745554933838408 
0.06116690978428743 0.48070590991331746 0.005775405189152803 0.22402285929499513 0.012795242513891254 0.20575995492027643 0.21051851720360246 0.30312984573339985 0.23136931210091133 0.17411504202978775 
0.0445732818231584 0.06605590466139859 0.16376217699330703 0.2695927539027701 0.006633686406629726 0.5615649098543306 0.40105041890340154 0.2765210027452804 0.26701541398969686 0.008982593091670089 
0.09685844800791402 0.1257969176831694 0.33318882326470134 0.08553802267035891 0.14883944655012535 0.01039083104837817 0.2095555869288552 0.22406972180030263 0.23988960992289607 0.04558360365414154 
0.038699980320126594 0.24958075751199513 0.06761229010692076 0.1629571144406649 0.1388077392739623 0.23408928821508768 0.2967304760999811 0.21896172428033936 0.16848588481311802 0.014201697122356189 
0.19912337265244465 0.2798360479363444 0.0048897865847538574 0.20115306656839008 0.5043600059411883 0.0048959305265518956 0.005084821750426868 0.1991705827094326 0.230710258021491 0.023461020056625932 
0.04281296743433563 0.20855766052938587 0.25372752455342595 0.024457595896030436 0.3294100241543362 0.22843956923234843 0.3070573220920201 0.443795091364055 0.04490836418957532 0.06649895101100389 
0.5103748414027685 0.6510628935574129 0.003931973791022359 0.04434718572501259 0.04877791675482769 0.004043198617068277 0.004441077683601502 0.031323457811482935 0.025951854346270425 0.022758188320376974 
0.13100795883171187 0.015495312578684275 0.41482638023338475 0.11442144820562875 0.10984613255941915 0.12993288753962606 0.12099960710118257 0.29773477915134894 0.20321810157109013 0.023211930676348864 
0.189921487373436 0.3156355617828726 0.004525805134917447 0.2973147120070571 0.031522407762657995 0.31927908300897423 0.25509378972059427 0.02848248926592114 0.017961477298923396 0.12895685072283294 
0.022316070462106416 0.1435068036333527 0.05947296995274604 0.5131843289307018 0.3500607478113982 0.18805295782602258 0.12820736269515817 0.24604323855393428 0.10500266285186272 0.019478544192621974 
0.03892542653112616 0.4133174538207696 0.004178203642503465 0.45349179301606135 0.28770313152936156 0.11701785315626356 0.007459730798312566 0.2184181837692212 0.24305610931132668 0.028975338171943203 
0.23112988556376501 0.03223462039219251 0.1715103985545972 0.12293245934112199 0.004892823679281336 0.2014346486044636 0.17793122800001804 0.2817063787963118 0.25468537408659014 0.04015851299370587 
0.15408241537737413 0.016027700652518934 0.48091167502026894 0.2524284719833631 0.0027829021735776434 0.1291819111607785 0.1157648314815017 0.18371249863312542 0.24507261253612675 0.016666526570469638 
0.03545850008889676 0.3845981978173892 0.0033360882458971725 0.4211594714099425 0.38254609078422913 0.1161381998717881 0.006624876806758037 0.21749706698559443 0.24212491786030355 0.03623237541633773 
0.18791819877771865 0.04081449734958066 0.08564332141567788 0.10880006391722112 0.23287185878657454 0.24234490864933655 0.18851332617952118 0.10559304055017901 0.23158429260727748 0.043107364031777916 
0.03946603307378713 0.417037277587441 0.004371493707128608 0.44906334240155715 0.28787432217166736 0.11723315510509724 0.007703346565209611 0.21917778277765837 0.24330060505499349 0.029219833915609998 
0.05487083902378447 0.13300967840833586 0.22022269073353104 0.35422388941929245 0.018681290598546882 0.13313734787103482 0.19623009187754417 0.3103882821436405 0.24227427274382993 0.009022148073910516 
0.47412242971747803 0.09199241793444016 0.005241092273588511 0.17935622838083384 0.01572248570729866 0.2872185333099809 0.0324085861758474 0.042787304464770595 0.24119683643915882 0.0056915488326938464 
0.1272388607247745 0.1708736369430928 0.0867117233902288 0.11654771176866137 0.15913177089049124 0.06360033272056621 0.19204751301281253 0.23564052789865203 0.19989504330968855 0.012483755907534888 
0.06856101235699469 0.11381123241230083 0.26264131833457577 0.4311263220666972 0.13648125101848602 0.16337142335472837 0.1607648234366059 0.003527289972702331 0.20037281274578783 0.015333318284639273 
0.014688597446414063 0.018868386783507544 0.25043960426712153 0.40649158662425466 0.5402744275752157 0.25127179544158135 0.24371625481147055 0.2045018945324542 0.05892051983823815 0.0754092392049173 
0.014633405789917665 0.3323424475998026 0.05591983716501481 0.07395220088970257 0.5578111094893129 0.155159651089339 0.1142375012227841 0.3045161475932877 0.16758205557660685 0.012218479214794159 
0.0037638760878716637 0.0036785037536036028 0.4429164135719112 0.45386289825372317 0.6109765267269447 0.13847725283423795 0.18604233272465368 0.2180202527553908 0.20862708991479353 0.009795872096486611 
0.03439750509322364 0.05387664052310898 0.13248455460557973 0.21967761995438034 0.3150874317870982 0.4897407746188807 0.1202892440661674 0.19911787221291766 0.26235750023325516 0.008719510974220697 
0.015492120606803036 0.24434049746608008 0.04512686380569856 0.062231365412517045 0.4216273189263259 0.7182280722372801 0.12220416107582134 0.1649159460529926 0.22388154639029717 0.015343505632052695 
0.08638801175310504 0.010831868812106096 0.2759191754394641 0.07617757936876936 0.09299425582189547 0.621700961496299 0.2560395089126814 0.1834490062920836 0.24264823744942954 0.012918548022077581 
0.28803894323805823 0.005423748889894476 0.0844879553260577 0.10279506542473518 0.12004293654649682 0.14752031133792584 0.18850732820529192 0.19731175274936477 0.3104884548431394 0.04292517066108183 
0.043007939522895375 0.04621125796274679 0.2544456966541386 0.3954396448472755 0.13171438420817128 0.08807367803832652 0.2100377177588234 0.2909085413625139 0.2420889565305607 0.02733063572777192 
0.08248756978028708 0.011480462941440478 0.2654657057094072 0.39583274449938277 0.147870324829427 0.18638238584457598 0.11318249183368075 0.19392332305374932 0.2309096737106197 0.016839313534852896 
0.05648459216291762 0.40584489597173456 0.16350498492855753 0.13447519183596246 0.2589140414991141 0.005746862851248082 0.21474296967432846 0.2321472316257959 0.02264162697093596 0.007598732831155116 
0.26888962337473654 0.029424674026047242 0.08615093158085871 0.1147213380660036 0.2288057099290992 0.17240017914646003 0.25824212406858765 0.01865000448119142 0.23542200933115037 0.043964794299179794 
0.08445219995896426 0.11977178074066477 0.03377800655323283 0.4915327202344117 0.09727344105711279 0.13012573652559095 0.1856375421565163 0.2144017148328842 0.23767353857627638 0.005585948439317771 
0.07018867750567338 0.10045337589867928 0.45584085992587736 0.05607485416677868 0.10758713104214974 0.14409026972974764 0.1688210424652534 0.22926361147871313 0.20007828899820593 0.006395807486681251 
0.018960148954563685 0.3944138318775627 0.06758950373387032 0.09905381911545212 0.22616236573459167 0.14673416714965334 0.10824162465070582 0.3880098316132139 0.22168422256621945 0.012860251038685346 
0.18165824715218643 0.048784542244123694 0.08328978631301298 0.14925473827630023 0.22804219291375147 0.08497205004888238 0.12633184793898639 0.2908446520984274 0.40765274244486893 0.01107593115171385 
0.14139037362002635 0.012966451354099741 0.024633433203979763 0.6677670246344112 0.197638600490757 0.1480000630400429 0.13952988860370455 0.20614168771084107 0.1764736249803964 0.04387070029213702 
0.8166673400347998 0.005867752853871986 0.0074017704355958175 0.020795068904407143 0.3484526511346919 0.007341848762008849 0.02741879282623321 0.3848007776843219 0.029222031287260183 0.00625577112162764 
0.12232766875536782 0.16650509289900023 0.08389393528970099 0.11273326636816357 0.14252363377802982 0.15632601625017464 0.11516021524426334 0.23344659818050068 0.22129931109144685 0.012489905136912397 
0.04102553353028514 0.06092930778665573 0.12746236684115758 0.22788705311207422 0.2032975740974416 0.3750681219901103 0.1828476578524862 0.4065681121016062 0.16552500951738228 0.040675967053183534 
0.020025298898845766 0.026019532514523484 0.3615295021003706 0.5875980838630754 0.20989428124899617 0.1371434291486289 0.12928481103787645 0.1896578144022045 0.20654426176616997 0.07348025180439059 
0.005046517702426501 0.049720519812204454 0.40055911113223164 0.05875819353601438 0.39959635956677314 0.11609115445730042 0.6852692232179655 0.22574449520419926 0.2395773127608727 0.012332671553433523 
0.020516277906709467 0.2479252235208899 0.26093471641002014 0.0675338863569792 0.11517843351715508 0.12232679116818204 0.19424192094646167 0.3830829945072842 0.25740595564009866 0.028095670755478478 
0.144987261724657 0.030061155272195456 0.010868964513541524 0.6121079704475576 0.12474329026384237 0.1511908358210316 0.20010862402470195 0.18326039356499066 0.24159509072773064 0.022534818794284237 
0.12354154099826921 0.203481515260365 0.10169729110974927 0.025026288980847255 0.3095975555856528 0.2694360811435655 0.2433386531382712 0.25768765342292893 0.02033625746699855 0.01020907133417401 
0.02439076191570003 0.23815667137433774 0.31944908536796857 0.1377590216169465 0.2866233496537071 0.003523839930823612 0.1818622670925668 0.21781600914110308 0.22909283240419376 0.14534412633865215 
0.10441011024281868 0.13966811174987417 0.07361071226760103 0.09581910780176775 0.6480569616614514 0.18505676603425467 0.01540850128628948 0.21229640152769474 0.2275190082980447 0.018396687014805544 
0.045670784700401326 0.3331915270028355 0.13406700414908382 0.10995186997151878 0.21305163803013638 0.1586603618940079 0.2682454625047054 0.23793897507565467 0.006456704812317129 0.006431132087230002 
0.9054220776881536 0.006339911489919568 0.00645654937665055 0.22920440560908503 0.18894372277774396 0.008120973810482308 0.03232963755878034 0.031133581806026923 0.02874328537711175 0.14923347215042415 
0.010180124891901418 0.1167469771253129 0.16356961183518376 0.3507305083312696 0.13785304789822156 0.3497453558267816 0.21452200971629573 0.2236789651727482 0.2145736021259933 0.14101245400216114 
0.052459402842571515 0.07778951255765063 0.02212703291260275 0.0761987227986704 0.627397112717731 0.7767764133840575 0.13562595440755476 0.10120041947695357 0.21160246041595868 0.061129212188104985 
0.08829622134789125 0.011779082300824171 0.020946046109225045 0.40936868244215996 0.16306932286242828 0.7387068828981749 0.11561860420008026 0.22001166561159996 0.2550621364648347 0.018377234491540866 
0.10377979796349801 0.025765803666493642 0.5565749772927967 0.08485228288904549 0.31697054727279467 0.16413606870744518 0.2535092689243175 0.2702048956894358 0.029069067681434302 0.019185947648902038 
0.008445572259326111 0.09181192321562788 0.5545545384223086 0.0896960062190805 0.06939055512637614 0.7478353367585446 0.17904833965756659 0.09141120656502592 0.2397151160724025 0.014328347257714365 
0.23316520442406696 0.014134020264133181 0.03643782372424833 0.18764673250228261 0.1995369339477635 0.2419927662535679 0.12160632340388311 0.21340313473464642 0.24840540006994277 0.024590102783159765 
0.8634922859589549 0.011951999967721252 0.0054979624679249535 0.03258927731043243 0.03618364310663144 0.21612729432884853 0.16187917434494586 0.03330809314452139 0.018859100826587327 0.17835694141287955 
0.0196328306478242 0.11624266635984044 0.15656911237963791 0.2542377371766353 0.5901182307817154 0.1420280740677987 0.09283216091614066 0.2039773675254433 0.24755380191300083 0.010911454304838069 
0.05808511796197494 0.4694539200717256 0.0054254426911364995 0.22936853385269834 0.015550166026016866 0.21549016784854813 0.2122411490079059 0.3073503817914835 0.2230334892815387 0.18093632526339956 
0.015722618608509632 0.0984678992864186 0.22635353641393896 0.13778790366096577 0.09132178226121622 0.5952700124876003 0.20289423879688795 0.2974578228090009 0.2451900700041001 0.01270029776152599 
0.012580221863204531 0.11488361874642607 0.24244314151827737 0.3767201008639917 0.12555878114006716 0.2027172916563893 0.18741333248634917 0.22147954706414838 0.24211304373759734 0.023339524694580893 
0.04004431385379066 0.41646299161928335 0.005527579749039335 0.45781195117001744 0.29089616714623145 0.1190504763403533 0.008747517588144977 0.20720462408777407 0.24334989915323607 0.030200632902998705 
0.010761178312599835 0.19579796796831345 0.038204670896741066 0.276451715916734 0.5422533199776376 0.14553826477874782 0.19552357989878866 0.2368661673249923 0.22120024111399514 0.04148303465693648 
0.02086594286516058 0.2117009872558331 0.03531219994464011 0.08038700582549975 0.7669830029864874 0.15266263315677944 0.2286406109198708 0.2207512514499685 0.2029135428378377 0.026676995131803757 
0.03735558084576483 0.006544591409365996 0.4887877082441978 0.09001321564040381 0.5547220174071791 0.15521796778600655 0.11860173783222802 0.20286186104706425 0.2555596798417339 0.06571674491606283 
0.2867827626502694 0.04232002243773004 0.08993142824958468 0.08129291761646151 0.0863776387041361 0.1996954436671068 0.2047657762203037 0.21823576993838623 0.22194512157174287 0.050003757296028434 
0.025588079817778962 0.2586773649969538 0.04235939667166459 0.07213677039577558 0.2489659153318803 0.5758414919696 0.1140981901708985 0.21981875096491615 0.25922038628155947 0.03982248980318366 
0.057535302634513875 0.009061588243205628 0.09987410145210927 0.4493856946063066 0.09253948139075427 0.7252318396241254 0.1771502540052754 0.1811791186626172 0.24042031786122814 0.018089825228109053 
0.2607997908601589 0.03668656341299806 0.07925555321225194 0.06467769148126695 0.1267254972038738 0.13456746384607463 0.18733146695264496 0.22272841162935497 0.2572850095874469 0.07370711112795654 
0.1488915916560166 0.02221052176390961 0.04938675846093679 0.07570209842559354 0.5102335196176747 0.18565697582202226 0.18078896486227827 0.2793224193975267 0.21946083113750542 0.3064523568049021 
