27193.65541368933 19178.74673408826 7358.18874936277 3.006716271846406E-35 1.5261186836253563E-40 7.820417547340755E-34 1.2787463649856364E-13 207.40282045258402 2.7406589506495196E-71 1.669730089528567E-48 1.1416931718985079E-62 9.113502396915648E-226 6.647533590650645E-21 3.6291469326718523E-9 2.6863829875116376E-15 
7753.470939995536 30554.92358297998 1446.9268826556113 6.352021707019279E-101 24.709819244165423 2.4083417063707964E-89 3.569932428130899E-58 1.5881975090962284E-41 9.507869210575107E-6 1.876381292372516E-11 4.5798426038604875E-17 8.63115854861422 0.697957793944869 8.005701347191928E-43 9.176591599418463E-25 
5710.259741928315 17471.570370435813 13312.755224526642 1.111399391718574E-94 1.8539509758654533E-41 1.2676661073991494E-85 5.2266418896438984E-15 2.5950753898415955E-50 2.849884601988475E-71 1.736275164954967E-48 1.1871939739228892E-62 9.476710024426664E-226 6.846907080042693E-21 2.268579329958735E-44 2.793445535913477E-15 
1822.0233601703553 14827.479716506783 10979.910067527777 68.97814396505287 1698.8506225432982 1.2008074482628294E-49 2.2835825923243028E-15 1.9156070420257552 8.692178490607605E-25 7.931065808400318E-15 15.160139118351237 1.2610947195826234E-193 5.382991883577213E-60 3.720762277176555E-53 0.7307781470280102 
25904.26044077682 1.2948899513115551E-83 5.2959953211477144E-207 7234.1669060866725 5.850931201976957E-17 4.427650989993694E-54 1.3672299194286382E-114 7.8199207645033985E-50 6.155432957411851E-17 4.465711959516202E-44 8.210014383182897E-46 1.1402938810275224E-88 5.385522435378687E-103 8.125829073429477E-16 6.039235341985411E-44 
56507.189622081765 8371.0965804158 4.887319071965689E-54 1.966232888484405E-73 22.5563497394595 3.5620844201340804E-142 2.609558427782057E-7 5.018127378695155E-27 1.9552567821971273E-97 1.7949985957245996E-11 3.92141709694868E-17 17.415499594051962 3.263447065728609E-76 3.15715569740134E-45 1.9798016446480724E-36 
10212.441518884523 40245.24920775007 638.6839954899618 1.3087699020583034E-86 2.1796985367906746E-14 3.159725163897383E-89 1.903195109619003E-77 1.8546338977039444E-7 3.823475559995884E-55 2.4617973317042662E-11 6.008717070267467E-17 9.086556569789522E-47 6.67379129681253E-84 1.0089385424813741E-42 1.156502916076382E-24 
36935.49817054764 29327.592178467807 2.482114523890628E-46 2.384511718168942E-29 1.4494868643363726E-14 1.4301800888493542E-19 7.708813120892525E-197 0.008078712077817646 1.4447740860532616E-5 5.701700944855125E-19 5.422681259752608E-186 1.9606059306101594E-27 3.22644253530421E-36 1.475374850306881E-7 4.704606175575512E-10 
2771.280440233591 1.141957196576506E-55 15540.730963121863 3241.5853126338857 8.064281060862366E-50 5.290202844457077E-194 1.256276224593444E-41 2.657997898759374E-11 1.231955424191654E-11 9.833610871790887E-28 1.477454252417994E-11 9.671274309181091E-67 8.835227406772382E-28 3.9538759673046524E-8 5.7010248801882E-25 
12201.89887150668 6809.9875989474385 11987.92256480788 4.598142171137362E-101 10.415847597535222 3.7502866624144615E-85 2.8318732217816753E-15 5.681002607667981E-55 5.5411542323062656E-24 4.018235171782364E-10 0.10115774808718943 7.936452388310387E-5 0.004337837819872178 1.3193649681377126E-55 2.3012514420291545E-24 
3025.772223501361 1.2468252276689214E-55 7887.185263170059 7209.012047683807 7.872238347203035E-50 1.8342568336348572E-143 1.0042885087892773E-22 7.050244622037279E-39 1.0696671037469574E-11 9.599433354584328E-28 1.8011924053420539E-12 0.003769685744540081 2.3280721922078758E-27 1.1897457864233297E-7 2.1666274013329937E-78 
6672.7501191185975 346.06098103247837 17189.792987953453 8.305347215453478E-170 1.18802056004447E-78 1.8821211521515923E-143 6.421723816184645E-23 6.992914340594341E-5 0.0017950651284228904 1.4438424923615472 0.0024869154934123064 2.3639634019768205E-8 2.754216345431497E-27 1.0256055572582038E-37 1.786918515507131E-79 
1568.1895885264548 6385.6256885738685 14995.41805632164 3.461126104167473E-119 0.007053486329554699 1.2208648227709726E-100 8.911086565344936E-107 0.003079870435580852 0.04395324788840895 1.665643969512922E-48 15.60715099272383 2.4503476429378638E-185 4.2162460527232534E-60 4.22956584710122E-96 2.408640389051064E-15 
5945.385415876889 5154.254486565613 2.95855387175691E-216 7749.590101808317 4.764163377535164E-13 1.918600307467013E-21 4.767818553787969E-15 4.151104813012838E-246 3.4405786693791207E-6 2.79275020548619 0.16374416681368265 7.222704069161423E-46 2.1413794592047018E-108 0.3298174464803581 3.604886789387258E-43 
61697.711465696 8.624561216117363E-74 9.298832611212829E-255 4393.507747634728 4.699211746512061E-14 0.5860711182517306 4.424046929027108E-31 1.1461148957220093E-13 3.61085325682112E-10 2.8191928164356413E-44 2.5624747797756047E-172 0.0031000630864934492 1.7079443869130497E-5 3.189442794729108E-7 1.5667237851973212E-76 
6484.176634883101 13409.712426541571 0.0362450526331048 4078.836583498793 1834.896920831936 4.648842581055716E-73 100.37765218763998 3.765527204101226E-45 3.008176390890172E-32 4.881794008974254E-27 5.961400295057924 0.06372633942355885 2.5421064303971272E-45 1.2948278981395594E-65 2.189479696670997E-148 
75184.46583941602 1.3948531999589238E-54 7.022201866771857E-15 5.735592818093047 4.589542096998128E-15 6.738955138941241E-7 6.254047833735656E-8 0.0025359980215102075 2.8098023819561094E-10 4.190882333342771E-28 5.286664577464327E-7 5.071639513884156E-136 1.078170388151442E-75 1.6000106626236355E-28 3.8372014005125145E-22 
6634.436260955508 17397.83744704584 7337.170716415916 9.469792989313152E-9 6.498609055453258E-48 2.2792096003136876E-57 1.0275596494401898E-25 2.471072584830589E-7 1.2042879904847742E-5 8.584717740556722E-36 3.59761035851608E-76 5.143371965282888E-178 4.972517800862559E-21 4.588188438158741E-43 7.208247780913696E-12 
32517.77924027475 15872.463723059473 5529.527463418143 6.080715295337385E-54 1.956638350990796E-48 2.9137365437722646E-57 6.00691984640058E-8 2.7179938119883915 1.0904968267641087E-5 9.432113881442326E-36 3.95272991239659E-76 3.8772729028665546E-35 2.7632246141422643E-19 5.2142024884852205E-56 7.745803851544582E-12 
12363.993611153068 15872.89030995726 12171.495134192117 7.143614056489881E-170 5.577178815177444E-79 1.744512633789205E-232 5.1405757708412553E-42 8.009237323848299E-14 0.0015439754836326018 4.0441454691163864E-36 9.407793385230185E-20 6.3030843007397 4.605621803531962E-27 2.5424481209124828E-14 4.8177205337980985E-25 
12193.897362089872 22730.65333108464 7.093940825336146E-255 5323.576318285508 8.132322969843439E-19 0.5239130113670492 7.789762958382328E-183 1.473797562409874E-50 5.093110087999271E-10 21.712986550902382 1.3069264969283347E-166 5.119500834618704 5.333410515958346E-4 3.069880580888902E-7 3.2258182130317682E-77 
30699.236800262348 6279.98342615594 2232.552440175794 5086.766141478897 5.168286765826692E-45 6.971061316143862E-72 1.9794145111497912E-41 3.910560454589914E-14 1.312113743012415E-32 1.4895503624225624E-27 4.4784678681722844E-8 5.98561703313128E-167 2.8075778266151695E-45 5.357194339122473E-14 1.3117045809499547E-133 
5684.892381372039 7794.933570549103 6223.40724614868 4422.580451365086 1.073606798525588E-49 6.065259909223002E-72 7.905925833643886E-166 3.546099297012876E-46 3.4229097053593454E-9 1.348478210785862E-27 2.1933487933377304E-8 0.7931982639454715 2.2407393038762603E-45 0.2097991285696715 1.1427507191455412E-133 
49764.417500434516 8.299542000052694E-74 8.031619985795316E-47 5628.520119014318 4.441448366579955E-14 1.0526058748450973 4.087518177304023E-31 4.183324269425192E-52 3.412789341088608E-10 2.0162504854573039E-44 5.397796648088971E-131 0.003121842923778234 1.4153939135788806E-4 6.046185660420747E-14 2.4998837036985985E-69 
22758.22483187187 19859.54181042727 2.4915536215934205E-9 8.322059254203245E-35 4.598568844981362E-9 1.4748957605812587E-64 0.2007579453147998 2.2356421230813124E-54 1.1742787304555856E-9 48.621936577602106 2.934057814957853E-12 2.1796981950023046E-34 3.3632050666056245E-19 3.9455841373049695E-105 1.4855109115527233E-66 
41531.93003765525 4.184579443353603E-54 8602.631422436647 1.1103072544239494E-8 1.4309388323321977E-43 4.3786513598769654E-32 1.5886311261929701E-81 6.234557361052442E-7 1.411994637855191E-5 1.2533847126867022 3.7304309384685364E-111 4.170821646807852 1.2755885004978435E-124 3.3726952816118578E-43 4.146442254476591E-11 
42592.575358733244 7.10344631436969E-74 6.834318077852968E-47 4817.361065768936 1.7927354215661396E-4 3.1811631993557414E-12 3.4984415133116064E-31 3.5804404171368906E-52 2.266127566596126E-8 2.27610053452777E-44 4.619887925866989E-131 0.00267193548966364 1.2114130409124879E-4 5.174833724056128E-14 2.1396105284695487E-69 
2528.0290701660247 27823.049124895893 1.2828871505735495E-13 2.729952578628862E-34 2.875040860377469E-14 75.0381632733279 1.1954723017727085E-17 2.968748778175666E-54 4.7592788945062585E-102 5.5087225916698635E-28 6.754994620665436E-28 4.2959416741640015E-35 2.8580251778111317E-20 8.581992748871002E-106 1.08136427196703E-58 
68860.94068198584 2.508513630265063E-62 7.416997809832566E-27 2.8587466250835052E-30 2.2350819860351462E-27 82.49867818262554 5.142795910094573E-63 4.5375934453709377E-110 1.2720581836122372E-27 2.3344695682109413E-25 2.0370307776841596E-26 1.3281064809250378E-49 1.2355331447024525E-102 3.870164738998571E-81 8.306920398780779E-6 
15.30246487088685 2.186994058259378E-12 1.0973988426338309E-40 7222.187915176152 3.272335927652834E-14 1.0154077215494307E-52 1.3151187155452244E-17 2.878133682845012E-54 7.588505408352192E-17 1.0386383769659979E-5 1.5306365843336432E-83 6.586925169732518E-38 8.737858912198459E-120 1.0040725969961077E-10 1.8719366421515298E-59 
51926.08581044305 10.472156959845716 7582.957216664121 7.90709305575941E-105 93.42989446917598 9.66128497990218E-21 2.3798527283016094E-178 4.768362787518595E-17 2.3207869933057825E-9 3.0328972287009305E-16 6.39645689126012E-20 9.2826408225319E-5 5.629751814421134E-27 1.3241099416275256E-13 2.1635351748465153E-7 
24941.101344100007 15102.981488661415 8113.846910048271 1.047221790999414E-8 6.922573481843872E-48 5.59612471905213E-109 1.1252463411192377E-25 1.05656983757133E-58 1.9774355524816448E-4 9.493704835868383E-36 9.647361089410792E-80 1.2405666775545068E-119 6.564327376942108E-83 2.7789883671062784E-63 7.971276837432977E-12 
60813.23580376958 13383.661229894018 1.7837029343986774E-26 4.0330531603545394E-30 2.1566170461562974E-27 1.2705792835600437E-6 6.518509564300662E-63 4.226287545056184E-110 1.2265002198129904E-27 1.2571347248886613E-25 3.7957687693202096E-87 2.322268015022471E-50 1.1912833021997433E-102 8.415468841823742E-78 3.0542253639164806E-28 
52808.206666371116 18155.256844269912 5.0311241162124285E-54 9.057023636451485E-75 1.250645071548737E-21 2.72458328366456E-83 2.2038673641678863E-118 9.046284664668409E-49 5.35243996814948E-10 7.814016717583186E-48 8.41850049873434E-26 3.4748006391846267E-37 5.560855542598481E-64 1.5096828972745E-46 5.126765041861184E-21 
1706.3966255220544 19625.1754816942 8273.844998187331 1.1110414918227365E-8 7.256982213719898E-48 1.1967515910823033E-73 1.1362792383863187E-25 2.8490040927075595E-50 1.344825708481541E-5 6.925691017470202E-36 4.017443449954495E-76 6.07888098516147E-168 5.42486245111371E-21 8.003301703497443E-58 3.139110398250465E-11 
40304.04409212422 12294.935529231612 4.116504120243909E-37 3.471384896154817E-78 8.620190906216166E-22 1.5062487152876966E-12 1.6235932765573998E-118 1.0596197881297997E-49 94.55335061756055 6.469073290677278E-48 6.969513720308456E-26 14.929726437811546 8.393970490920613E-59 1.2881471692463237E-128 0.04336710925061194 
46121.52390738492 15856.401219565398 4.880215422288887E-37 7.951343724912427E-32 1.0922858435906812E-21 2.241427829793326E-12 1.9248091867111966E-118 2.262190877424865E-50 3.5424790668748325E-29 6.824589994687733E-48 7.935684869334618E-25 5.196133484179896E-6 2.259867670970713E-60 6.383800566852611E-106 0.039639152116840645 
40432.88313179755 1.8005411649113763E-74 5498.499579252901 3603.616591071107 4.703477506402043E-88 3.0548022995340176E-126 4.847188044241884E-40 5.418259103356338E-14 0.001411166902332813 1.1571635594924713E-44 1.260627721378481E-17 2.8417987684012423E-22 3.938708994355784E-4 1.3426911660737061E-5 1.011081568300554E-136 
59082.61908535949 1.6004586076847618E-96 1.3470032505033747E-128 4.462847508815599E-28 2.2741816699374193E-83 2.1560633380817725E-26 7.231655248940181E-40 5.819097180752993E-14 0.0014791485344758672 2.3759544081092506E-30 2.2269437196255536E-78 3.0914838422062346E-22 6.862373222157799E-30 1.2984889045614873E-35 3.773916489572255E-129 
36134.055026767295 22568.06463577925 2.863931977838316E-47 3.7463138204921773E-34 88.79337233205057 136.67587854104727 4.422625995494811E-109 2.5344319721864584E-42 3.0457000832369416E-33 2.2006459064037483E-48 8.126324185663676E-26 9.482112917490279E-51 5.177277499991608E-57 1.5426332611021138E-102 3.504862232076344E-52 
37027.851686638016 1604.9163881196416 7752.834528076265 9.964714005480535E-9 2.973011095319486E-48 8.565705119358622E-73 1.0707147302832309E-25 2.6620417817029784E-50 1.267227849537821E-5 9.033381954490576E-36 1.970672061707159E-76 4.487816901081087E-164 5.111842177471029E-21 2.6443132238806964E-63 2.56274241630713E-42 
39796.02546118115 5494.8419045413875 3.736561848631702E-7 3.6997554095846193E-37 2.5572623293812965E-27 1.6565212559050666 4.546860632066222E-87 2.7120291533815982E-9 1.8815327575047275E-99 3.51447662995325E-11 5.657921362094146E-27 1.6461533071793056E-6 1.3080197102580191E-74 9.098539610119987E-8 1.506674532006357E-52 
802.6466760131792 10576.746771573391 11656.729445979341 1.0541538051602484E-8 5.126910449138462E-16 6.237866020462521E-32 3.808735231187519E-111 2.3821058526023925E-50 2.427632848000665E-6 9.556294295606257E-36 7.316681417672089E-73 9.369419451642628E-86 1.3979039802317395E-67 3.980136303062162E-63 8.024042167936771E-12 
9456.24080407995 9.832801696382296E-29 12866.58763430305 6.7991498072930795E-16 303.6634368168556 1.9902934719074052E-21 18.860563786716565 2.077223944521518E-42 7.677774414264446E-65 1.1500230333998105 8.595306469517469E-10 2.5005444407763995 5.872582958982471E-41 1.1057234465896243E-36 3.0818670624739727E-51 
31273.59611287604 21121.399670775063 5.89701818568982E-9 4.565753121779047E-14 8.965003891722429E-17 1.126222124387549E-15 4.715060329533374E-117 7.035037329565889E-10 3.104033439944665E-101 2.3848060118572116E-72 1.0751717004884378E-84 9.752625699242877E-25 1.9141981995479872E-84 4.806118861120711E-50 1.0080795757267293E-43 
18426.805546166233 23415.789660677117 5.414301105572646E-8 2.5385247096280125E-39 3.0223177488284185E-8 5.468651956865158E-113 1.4164589538414213E-31 3.352872345304092E-97 1.1370032973322132E-35 9.220283221614464E-71 5.478564821023588E-21 6.341093777172597E-9 4.98746726176214E-84 3.2122864387834824E-15 1.6462155513314623E-45 
30789.194954500468 45.50637266174601 10085.353304309376 5.484646844105436E-19 1.75055134309285E-17 7.633779463049211E-20 5.364829288356305E-34 0.073710184532649 4.128991121135464E-18 1.893321082779815E-77 1.3053045479261102E-179 4.802963785855455E-5 3.805061971494305E-106 1.842252082305803E-67 4.913618039737364E-4 
4606.967450669672 12596.399865095846 4672.9313178029815 4035.2375545978357 438.85878969841855 1.1415563124212992E-74 6.885001855527897E-26 2.636084645292293E-51 1.0340795052223108E-31 1.3133646179608296E-27 6.542617393190282E-73 1.0143138876102075E-186 2.6805762549851404E-66 2.877012948875041E-63 7.37691054121063E-12 
2124.1885310910498 23228.18360277022 4989.234903983109 3.5780734367743854E-5 2.333302023182652E-17 1.1627097031089305E-21 0.11305792696824878 2.3273060854241518E-53 1.6634113016189678E-101 9.515929778360105E-49 2.745959858887237E-26 1.9560688209180633E-185 2.6842773889152903E-62 4.1129326299684785E-19 2.452175709056995E-44 
27052.707470044068 15937.581688905708 7.696952869141207E-179 3.5084002026997223E-40 2.761372319458149E-8 3.650011886397029E-12 1.5690958678790534E-25 1.4100948107191494E-16 3.128372805573633E-30 1.1927428181911462E-27 1.7095935450531081E-26 1.5005855856847551E-7 5.794858248130984E-84 1.2970990760387683E-66 1.1825288466081888E-44 
44618.82903863533 1015.5296454672889 636.6182422163148 1.939434168266473E-36 1016.4750251638872 1.1394195082342351E-109 2.7183823261396436E-30 5.284041919944579E-17 6.50435188053435E-31 2.0554939705730664E-59 1.2013784546335046E-27 5.574086452481925E-37 2.571129721613301E-19 1.2044982912235685E-102 1.3238163916536335E-32 
1676.056180846003 22068.17924406489 1.2806431231624441E-121 0.02329004730271432 1.5893496337271894E-135 2.0977779985606956E-97 6.000533938943409E-33 1.567808724908651E-14 2.000468923969277 7.898089116256144E-25 2.5123041869795798E-88 0.11381022533530419 1.6516105490704749E-62 3.4759380093827784E-101 1.8529342939221122E-45 
6584.288675556177 14173.43210288134 3765.3633418018544 1.658672067644437E-58 4.835218429217577E-156 2.0536530976574936E-12 6.51183547914343E-87 8.347430652982574E-55 1.8782480521413233E-18 4.485261065413941E-28 6.376801031930772E-13 5.350274026499421E-8 3.249724444335405E-152 3.9054201454646387E-79 1.3254641445241609E-35 
4519.813294343086 6349.136070666016 2968.3477829971116 3425.751748463733 5.73590623821093E-75 7.208933683754773E-57 1.2049886699735326E-57 9.998477999372088E-88 1.0238496251174342E-27 6.378315506200559E-45 3.2616390054399282E-77 6.475896978765191E-58 4.882466055113211E-162 1.0238311169492254E-44 1.633070183203504E-49 
13588.387774867095 3595.001810193795 7236.560722476888 6.476247583152338E-42 5.029747947415723E-41 1.391004230306292E-14 7.759612527026676E-49 4.724521307943806E-10 4.0149647663415957E-35 1.0398906926317402E-72 3.630381822427812E-21 2.669957206110832E-71 1.8144166439672417E-49 7.963619180649576E-45 2.788425638400978E-200 
3801.385780796084 2125.210619267324 5620.645038639644 2894.5254073354963 1.0678828968976892E-142 1.9914577021249117E-59 7.74430634804378E-51 1.4086042610674384E-14 0.0018742968231151625 1.5779415294773686E-34 2.8871255858388234E-11 8.499999171760652E-48 1.1353544096811103E-46 3.295953752536264E-75 7.421831168085487E-94 
34935.163331347845 4953.893572287085 3.9699684540215806E-116 2.4979622659007135E-83 9.336378216323392E-43 9.304144213857781E-13 2.1898619284957138E-46 5.169236594362742E-44 1.0056245040838796E-24 1.3949678471771265E-40 7.62626797351241E-65 1.2952690384563944E-24 4.828341259688719E-51 1.0751981223276611E-81 7.067729451332883E-86 
16259.40994756251 12097.404386943845 3741.5291411369903 4.980375591796269E-63 2.493711241446451E-43 3.057403665233549E-36 4.0510861051490456E-6 9.456943883797943E-16 2.4190631704892724E-11 2.5581443194840843E-54 7.986476484550295E-59 8.282566730287892E-23 1.5011042335136378E-133 1.1707220889013647E-70 6.234701823036539E-19 
22038.064629142245 3601.722588547334 5795.274885889781 2.4504054350947697E-53 4.621286806959424E-233 2.368581900285677E-19 1.504575492215059E-132 5.968177744727107E-93 2.437445362256269E-30 3.705976388935378E-39 8.106918510908158E-18 2.875126155100162E-23 8.864370554493708E-73 3.06664820552252E-42 3.985412554985258E-238 
6.466285577325207E-5 7480.918490389564 3739.7545314921094 3151.253062646423 1.1439215554353765E-102 1.9497877938413283E-5 3.90236386514948E-77 5.9910223339891156E-93 1.7401185653710896E-35 7.672402019240676E-39 7.993239148492848E-18 2.809910360118834E-23 6.984232003180179E-45 3.078386515214809E-42 6.79383887988172E-241 
17584.717941409126 3488.116670043573 6238.061707582912 5.233836226367088E-47 6.498940871499206E-140 4.268022978072861E-4 58.12370554131811 6.125777867210778E-44 8.982712140915188 3.651011743926198 2.72072231464049E-63 4.066592813842109 2.2706320096536459E-66 0.27381524172870286 9.341291595889048E-60 
26565.777937454925 3746.4031253967637 4414.883370603334 1.7940220705669582E-57 1.4277450506675299E-83 3.5763190256247604E-78 1.3380866051437971E-6 2.4787425282699208E-14 5.409773697791225E-17 4.0792872253935463E-41 1.3159278807748015E-17 2.0974366853864153E-24 5.1809975341833256E-65 8.295402194359659E-88 1.1560408453687355E-43 
12672.65037833736 4169.388280672345 2.2800291248863713E-21 3638.251589811954 3.774425714049696E-135 1.2960503865736063E-13 4.488631354684886E-204 5.0404145208628295E-83 8.8800867786576E-39 4.8265611135518055E-39 1.962377292392111E-15 5.478540880147868E-12 2.788701683629951E-66 9.325483301268541E-83 5.62912505358854E-51 
25478.533629542155 7395.50894861182 3577.0685512929513 8.973070310128114E-35 1.4981522904358481E-136 7.845205848780907E-46 6.375783907048756E-10 2.588051004848684E-70 4.5017866815603554E-13 2.034654209223951 1.0130587595718791E-11 4.030204251601847E-18 2.7480817417190905E-104 1.1041464767866678E-265 2.019913836928959E-134 
8694.82773125262 10889.50792258829 2124.3445843505797 1585.0009920964796 1027.7989051608845 1.5602283643452298E-18 1.5222580809405178E-38 13.092429505952126 8.353743946858545 4.209690009658315 6.41798607580684E-30 1.1186149553573048 1.4747704052702683E-60 0.21866381535375395 2.6120629978264697E-51 
34120.33295798266 8.456816197345379E-60 4.3163772799925574E-94 9.032789153953283E-67 2.8854269273170294E-151 3.8322668713716304E-9 4.878864800729028E-85 7.674723609546743E-69 2.4041429915221507E-20 1.084549916060336E-39 1.1315349485802085E-15 3.2097412526140905E-26 1.7784266880708066E-30 5.318584415981557E-43 4.413513062027567E-19 
5327.516138907024 9801.660175020017 8.42707600334837E-135 3182.1629976449726 1.6329705759584277E-271 2.9380344989162756E-18 1.096033885579273E-64 2.493651766206942E-97 3.9018514679427826E-17 5.5150085334664645E-56 4.385676185967181E-19 4.669306969449698E-74 9.2550427838313E-46 2.2914764305398045E-99 0.22002223671253845 
17691.160675006875 6074.521344181024 3789.0559930071267 2544.730489112766 3.7429093204890484E-178 68.6567175384257 2.696465971198759E-62 9.412046100426675 7.824781657509297 1.0472811896667053E-39 1.6397720534160075E-20 0.19015586075621377 4.0475483974438343E-56 6.7636593152202285E-77 0.06445627156315971 
39.67681012613555 7499.875619861629 7283.318760053039 6.135760286350524E-44 9.311320013149082E-157 1.212748827591843E-29 2.131770841945445E-76 5.455046680365043E-96 2.63213702744921E-19 9.756024715117605E-50 3.47210766189385E-18 1.1453503234056506E-30 1.2443109531447112E-53 1.573964040675285E-119 4.426372715432982E-27 
6549.146818859437 3.8959975085953846E-91 3881.3321486649215 3316.6177707790016 578.9863633657742 1.3447137286751747E-13 3.155873186508015E-237 4.6803425027049265E-83 3.594909757480912E-29 8.342066274728103E-13 4.033914510415373E-17 9.585602441563713E-25 2.151630836870774E-64 3.1537064804266814E-69 2.1184379980985837E-87 
9613.527274172937 5336.500061938136 2561.2676914666304 3432.0386667100424 10.181159472852745 4.2361746101067424E-4 0.0051928746567208 1.9333453510878306E-151 7.59097573349571 3.6837192996507646 1.112591299042185E-62 1.0901923205458033 2.7415982173713246E-66 1.9177236735425885E-72 4.628517708754812E-61 
4647.867410488727 7333.616282276337 3969.3737090661534 5.76731927365354E-91 2.8593083682384733E-69 194.8501749769932 8.257031883373925E-7 4.897645946148405E-70 1.7078015533790918E-33 1.8358854414065926E-43 4.1505176802771296E-11 11.215436507876017 2.1354814307023514E-55 3.5177740616394357E-87 0.2621957036158985 
24414.85372301528 1.7843831610897705E-90 3228.6949087522025 2186.9144692355417 2.795360789944444E-81 90.1216927281283 5.08326768155254E-163 5.040387139863795E-83 4.0045636783397E-37 6.664094333969109E-57 5.626995049032772E-18 8.765528040606212E-15 1.8708964971435466E-66 3.3921597385849355E-99 2.701910514700407E-50 
7911.385885636653 15519.76980784192 1.112230081901229E-74 2.6612174912040735E-45 441.9841071809824 4.322460994822237E-29 1.4526017912370224E-6 9.085261684159365E-58 3.1747348237161113E-26 3.456599262931581E-55 7.821195868939798E-28 1.1332805236380325E-12 3.4357052470874215E-51 2.0266874859345712E-85 2.0681204641108066E-176 
7264.998403703448 1.7283522002273191E-62 7988.12252453221 1.742919100599136E-96 3.064699121820028E-34 9.007354264091121E-14 3.5552249848903524E-60 6.450217842280661E-197 9.103363845250758E-20 3.445404999727904E-14 5.8065509672794054E-12 2.6776822843986665E-52 1.0200332406931042E-31 1.3777022071112107E-56 4.807393385627051E-250 
20995.62693583307 10564.41924962182 3414.1036352290207 1.2869608421149687E-85 3.8642376538774483E-32 9.88053675967844E-16 5.1536313212080534E-141 3.449111127330508E-15 1.554112916113817E-20 2.368223717507864E-54 9.465437569867709E-73 8.509769640753087E-71 3.078433315636864E-49 1.9151098389511958E-100 7.859582804701368E-104 
19552.714757288453 2.1074256954071534E-83 6573.779457249965 1.335604096327253E-59 1.177298166426847E-295 1.006231177542561E-13 9.708541667028764E-53 5.056730694637853E-26 1.2907711619808773E-17 1.850274540988377E-56 3.4548081151551493E-134 3.2637467501936336E-24 1.0044106697478184E-137 1.3329984755997216E-105 5.238210006976976E-59 
33.75270245320538 5846.874089140116 2.929678002576953E-102 3236.9328518811735 1020.1523044900403 1.104159599609337E-27 1.1433190497973201E-98 7.830476801094197E-93 2.3765421079416916E-17 2.198381560396869E-53 9.075643486066083E-153 5.755777657289857E-26 1.8917045010946092E-30 1.7662182184889158E-55 1.434990348435358E-31 
4213.945513870626 11393.141943059045 5792.07300382707 4.4833273655467745E-45 6.267510530577246E-103 4.1071005722350096E-13 4.284590169879145E-76 2.621964718150862E-91 7.690679512427203E-28 4.835911260628477E-41 5.035873144780915E-18 1.6125132075476067E-23 8.041145205077164E-46 2.9108652458363026E-42 2.762493099512727E-101 
2052.7239805613344 13857.921254580797 3332.670471616934 5.423786424721901E-34 2.2330100250008568E-167 129.56034923915047 1.2979960604478263E-126 8.689499250919104E-92 1.4153575971176871E-12 1.7657720814956954E-59 10.076326823875235 1.6028432507007474E-23 4.767525432198764E-50 5.432572315684068E-109 3.52846939424293E-112 
11799.710212185837 9554.199542364295 5613.455081187829 5.5055314383441544E-46 3.2512859336557374E-103 6.568645918403199E-29 4.152460516989989E-76 5.479244289124977E-59 2.0156065286600603E-42 1.2278314719828516E-58 6.1541514481827125E-58 3.9435318214674924 8.718881245152915E-67 2.0899328022387645E-51 3.8209534333645445E-34 
11216.050391214416 7516.6300107737725 1.7226059809349915E-94 3280.6418442593867 2.1698957366719107E-127 9.389242822619449E-20 6.259313648073041E-78 1.981021960194513E-12 1.084601341380101E-36 0.015341717881872052 2.970214130458358E-11 1.3014572472338026 0.2884858566392111 0.6058848934893148 3.228889862170617E-59 
0.006146074542443638 3.567016650693267E-72 4761.5877891080445 3333.0221198745194 1.8641719049294794E-34 7.890754102781144E-10 3.5552249848870234E-60 2.2578454596213355E-118 9.413743318728194E-20 5.392760012871366E-38 5.974214077318855E-12 1.384679169284532E-33 8.148603578885105E-32 2.2526893594577435E-100 5.725631337792855E-178 
19916.002955234213 6786.465811744546 5352.242855520335 60.28077971915141 6.759528329738023E-134 55.48123802231861 51.148447508304116 8.643793478023161 4.241187533855065E-20 4.789924333391548 1.9196277612797904E-77 0.7352065267193532 0.6827460191060151 0.2154284578215311 8.144616678813563E-54 
7046.437742896033 3983.946955030536 3335.338602921945 6.250952913655959E-82 618.8630038225682 198.3239556531259 254.67383108236294 88.83130296597568 37.5789965952241 4.347987691861467 7.046693145673483E-58 6.0223418667697715 4.20461629830311E-34 2.3880011624998354E-48 7.766180929275427E-98 
18655.711169871207 4662.096295646795 2637.983656618976 1.8883520849085666E-37 1460.6057632903662 1.0210429921716837E-27 7.824196952157616E-6 2.78966295316908E-91 2.5293775301872406E-10 2.112374814237223E-54 4.024042118224925E-11 5.805735371487427E-26 4.648326797280604E-30 1.8231980749787462E-55 6.013976999842202E-34 
8487.703187669773 3047.1859074312265 6.8452934205697266E-105 2585.061476798955 1.4469222981453515E-110 3.4892653681627883E-12 1.0692033371692462E-52 1.3615530629045712E-85 90.51014830135719 7.738154131382277E-23 4.686088678107255E-28 1.0626539450878524E-24 3.187393476376597E-67 1.3591868053818447E-42 6.7067867632682E-83 
3146.761556939648 3874.864766553046 1.0859531718038187E-70 2695.924289872501 5.81901992619813E-85 1.0390150035544201E-19 1.6329385067133712E-52 1.5143316819067995E-62 4.823729234424765E-38 2.175554936235404E-46 2.6442367372791606E-17 8.27242075265739E-28 5.666110565235953 2.641928340153564E-65 1.57165736674211E-213 
4413.267651215048 2.8999294092274712E-90 1.6450745603997946E-21 4058.68069188076 1.7672967245665893E-144 1.1851048502603386E-5 0.0 8.585792718056916E-89 2.7275717340002827E-29 7.49761012275341E-13 6.485065452614094E-12 1.7382148870134883E-14 3.6686849880280657E-31 1.9605500780376658E-88 1.13422123215699E-46 
1052.6263503059813 3427.0438601670894 3731.114936518132 1598.8135500559736 746.8952055609269 275.8931437407394 148.50798060617808 151.88445069759723 6.489817891162161E-12 0.8122150261101969 1.6878763833309574E-33 6.922110442362092E-6 1.116902068464109E-16 2.3421463588999143E-42 0.07256212950301455 
18320.774386755882 12987.917193918638 1.6552034086110424E-21 1.5720353449238207E-58 1.374376417128099E-79 1.7926214797365336E-13 1.632672679617372E-77 62.18037352529318 6.87347188241009E-17 1.5746175235920967E-56 8.232618761435455E-12 8.308938791632861E-23 3.924351190786888E-125 1.7274599201393272E-58 4.417044169605218E-36 
4914.116803418618 11294.403217266974 3.577972423586731E-137 3.6301979190435894E-96 4.3482164047566426E-186 4.9970044459349905E-14 2.925793824520941E-60 2.8666953313210773E-13 3.390760681287837E-38 1.5581256965722923E-13 1.6669926550075997 11.317120342285431 2.647656131032703E-66 5.59027070619602E-49 5.8257244650243306E-55 
1.8460954841168082 11558.867095971289 5778.344703853791 7.407077155281089E-75 2.2139607110419825E-100 4.5754302495441153E-29 35.230502105215535 4.6579118697496716E-79 4.47369603316037E-18 3.5146761207207996E-52 5.467782172859202E-16 1.9080732154639536E-21 8.04114520504764E-46 1.9467633116659961E-119 2.7624930995025845E-101 
7916.475224641081 9197.845911603992 2.653898615297421E-19 1.5961398918600578E-45 2.7145730246077335E-89 1.7092709052786894E-9 3.472568510606668E-123 2.1090366457930716E-92 1.3575146292379055E-17 50.66528689058225 1.9941825409427227E-17 1.1340036803047615E-22 3.6984319431446025E-139 6.138057753596736E-87 4.161229273804083E-74 
2.046722566771741E-5 17105.72444874296 2.5042796101658103E-21 4.437232482550113E-96 3.227653234315201E-67 8.441814208775364E-27 4.196116207620135E-62 1.0677197657282637E-67 5.041583475900597E-18 1.437241867450421E-15 3.4879867167583846E-11 1.0584293210853714E-24 3.1150026431524023E-139 1.3351792964499114E-120 4.4625643672290835E-41 
23750.252291534434 8154.99995307991 8.676736661510542E-22 1843.4367690481597 3.4995945713132847E-149 66.85725142512287 33.29151028630784 9.185111426552794 7.437167893360171 3.596732024491903 9.240816449264884E-21 0.9863568765000988 7.655490201567992E-45 0.3377601682853197 0.06528935536808193 
1.3756015542824488E-4 11578.089633499683 4.254175545567659E-68 2898.0952431104683 1.210261065061571E-59 6.872037565139422E-6 2.441589507686502E-41 1.2014558963918877E-104 2.999073036364839E-17 4.70574991698749E-35 6.433837329058363E-17 2.0564695814927872E-24 3.01578595334583E-48 8.194505207807542E-79 2.0789807867551024E-80 
29284.233703291666 7.620600515787088E-8 2731.2806451939964 4.276426869934605E-45 614.9732528159294 5.233645531704682E-6 4.2845901698483757E-76 2.2364390078655173E-91 4.564041936692227E-18 4.016237961654386E-54 2.1885696496746283E-26 6.793997207638941E-24 4.713517432766687E-87 4.537612282459439E-52 2.2744036335886656E-40 
14713.900200964035 5510.1751953662015 3.2866731638212683E-21 3.070822302021288E-101 4.810076277587801E-61 1.7641944041781685E-12 4.380173559118607E-259 195.20627647229423 41.24276554774988 1.2627009519148288E-28 9.063587609876127E-16 1.1755923748721448E-25 2.5148432989345272E-30 1.1804316386768838E-50 3.7437403100784767E-47 
17258.82684939973 2389.7776074654257 2.222548132996317E-19 9.791859639778765E-91 6.822987248629359E-76 6.274246260914419E-27 1.1527327743596682E-86 6.106254730012486E-52 5.376241448837378E-17 9.682510618441657E-58 4.669881167008216E-18 13.364751736054021 7.220236522955445E-62 0.2503769708074807 5.011286333875082E-106 
24117.88298447862 4106.890711779023 564.3756386500975 1.865320788937379E-93 354.9679382600834 2.962681389823913E-32 1.168082258154196E-8 1.3930126008211964E-71 8.11778797476954E-37 1.6507970068194803E-53 7.572071029706152E-18 1.1222749113504634E-22 6.321735667999582E-45 2.4035923855795045 2.017030965499015E-23 
26535.7103825319 72.82275139145544 4779.22283605707 1.2055624422309626E-62 7.698170223078511E-126 4.788212501871448E-14 5.284297941764873E-55 3.012004801763076E-25 4.415122883716164E-10 3.7696891323230064E-49 2.1960129027295382E-15 3.3923159583764216E-24 2.1312968179655973E-30 3.1336571079451795E-89 0.1259031348840296 
13894.311078975648 7502.744456185725 3645.216458164141 2379.7808151810336 89.47684123361157 7.659811479317513E-9 129.000849204082 6.1932870746983846E-164 9.247706295853394 3.748045721306111 2.7012008395134854E-20 0.9868322925832479 5.627722700498229E-56 0.33897136296046865 3.391952913182506E-64 
15463.738176507908 5309.702926768977 3311.991275663863 2.668087346875656 1453.5955675976647 67.5158762482659 1.6345860102280318E-8 9.255649884568488 7.494282753576769 1.5387748375082686 3.160226312194649E-20 2.534185315175327E-34 5.632520019236078E-56 0.3392603170823518 0.06361985488617596 
20741.748836142888 6.048692738807811E-53 3697.158516882809 2550.934480243093 92.66813075770051 67.49269781309683 28.175964897856996 1.119991957576827E-102 9.299814212047949 3.081600038229E-18 3.1638542161332506E-20 0.9906879998156519 3.976046455679591E-225 5.956507417798955E-53 3.170245134931089E-64 
28781.25298166043 5142.232520842066 6.2796772609331E-20 4.037917908036861E-86 8.15613678041332E-31 5.744709242619063E-16 1.0818486704039176E-111 2.0671926425621955E-92 6.710372037567517E-10 24.524979730349838 1.6628916068893948E-16 2.0471751862175956E-19 1.6266126390823275E-66 6.096506709964747E-87 4.379046276834727E-95 
12897.437524983401 14345.46668044785 2.155355539890136E-17 1.7885892829766144E-201 8.840192232816821E-197 3.3985604623302015E-27 2.994304919745025E-42 7.35932932389413E-43 35.84998545217131 1.6747319708928436E-28 8.715763820649978E-16 5.234030465060152E-37 2.3437601559178031E-32 3.553981343938285E-90 1.5529126954020788E-154 
2.2772980327362032E-7 1.7527309474223086E-94 3502.7800699955965 3.593383428046923E-65 1884.2159403819378 2.190225733588287E-31 7.202225767503099E-67 3.6960807914678663E-84 5.085558647103923E-13 5.738308891129469E-54 2.0271620417760464E-45 4.4562491195214615E-25 6.042010914694191E-48 1.1648088190518607E-102 5.474704547685755E-59 
14054.377439525908 1.1574682437513302E-68 8.024396996047342E-21 2303.062601851675 1448.0945766943332 5.469437370723692E-7 5.51972835878151E-99 8.89798654956112E-121 7.560659209025071E-22 1.4685315141123206E-18 6.674169302036506E-16 1.1085375616254178E-46 3.454811808620447E-178 2.149532888878235E-100 3.830113339299184E-110 
5800.0963520199975 4888.836699595502 9.815687032675075E-20 3.911370396188873E-44 2.1245207915407657E-225 633.2227743502107 1.866467286399794E-8 3.0818851195112783E-68 7.314851654177947E-14 1.5669307167967742E-37 1.8991559680707524E-71 11.343688491901304 2.1757136467140145E-55 1.8725866302538808E-91 1.263356881714894E-63 
23174.010365366925 6.030544528925815E-8 5792.411078135744 4.10585485365718E-45 1.1421526591181868E-122 1.394226464110203E-28 4.284840254755265E-76 3.023989238412285E-91 4.601971034581736E-18 2.0905976025179543E-55 7.482935242292181E-27 4.15375882299376E-24 2.2320474489899883E-30 4.537877135876025E-52 2.7626543419460005E-101 
8809.580330646808 1.9014334535024714E-69 2738.613042152234 2.49427351353906E-58 58.48679031100152 3.532040516558842E-45 1.9840249339528465E-43 1.8693744609114873 71.84655738518778 45.25639884598509 2.2722105959048106E-58 1.0627368427139622E-22 9.048413121362046E-46 7.013729529843265E-101 7.118153194474097E-55 
11864.42563268511 9796.226365452943 265.9211431969034 7.447230300098468E-46 1.2640478240874388E-144 104.16327607014544 9.092207937613047E-87 8.458164481997772E-76 2.3793632521085198E-29 4.831498355205488E-13 22.62742332901122 4.085085441732155E-14 1.6063923575044593E-65 2.855080458872866E-59 1.3041004916536123E-76 
12952.094537510306 2280.203757387266 1.402297928604485E-19 1.8141433767314733E-86 3.6643641245040675E-31 480.23067990480615 1.9116564911172008E-110 1.3938743054003224E-92 2.0178819280245295E-10 20.759553658956342 1.1702609979574467E-16 3.933710970805615E-25 5.655159940731085 1.366986066653288E-86 3.474478225130733E-95 
26776.046606716034 8652.199780130433 802.4312264377858 233.1989283670474 167.27181636394707 55.42506533805109 26.95971959334074 22.788095834960025 6.905376881603657 4.7874909939389445 3.896817623238518E-44 1.1301304293333652 0.6792818125068489 0.10077471936565689 1.1965655615488409E-22 
17464.77904354091 1.4302480722176322E-67 2.1350921076280597E-78 3465.470919096035 21.29058129552028 2.3504506066515063E-17 7.063507596352733E-113 2.383083692761097E-54 9.134308650977439E-17 7.412138263331876E-37 1.1210614977148845E-11 5.358273052601356E-34 1.5078772148079127E-32 4.2670467854628E-62 4.2886573255749985E-127 
3909.33550517103 16266.991056256673 2.6038067352869968E-79 3.5240263900929164E-37 1.1988300717834765E-87 1.4201056518822326E-16 6.01395234972219E-139 2.5303429345107184E-91 3.6490599834536385E-11 1.4896844687854791E-41 1.5561389093553653E-18 8.90505030243678E-59 9.733003674104545E-31 5.43068205866993E-222 9.974450626693952E-112 
11807.825224667717 35.90452147956541 7513.259398009619 2.1071376616985805E-47 348.69658915414885 2.610895433146414E-28 1.03075898536735E-8 1.646595036423768E-88 1.763483387452526E-33 2.997430829060079E-31 4.5697609409671516E-11 5.136398781582955E-25 1.225471098842264E-52 1.8053151913753134E-40 2.2478503454612977E-78 
23168.89269913408 11586.028611870479 2.3353290501956714E-79 3.467685923562644E-97 5.191580305557747E-46 9.880536759748239E-16 4.778233589566584E-141 3.449111127354874E-15 1.647786237899497E-20 4.601215455830344E-43 2.0247200725232397E-73 3.671008593479027E-15 1.802156114068771E-47 8.089015349765243E-64 1.2554519121678244E-85 
10515.186231767135 5086.750153047993 1.0010023389830428E-81 1.3886617916775234E-54 8.509924902413939E-95 4.43381501184837E-6 282.8412092361816 1.794154126817459E-14 6.669049415006121E-14 45.427466784149324 1.2771379825319372E-11 2.9592216635980067E-50 3.725453853707894E-66 2.683035495780524E-87 7.561294938805392E-56 
6.961368832377169E-6 1650.292670505376 8124.03978881494 7.026899761975036E-41 5.072489032319341E-240 4.280164149857626E-14 1.8997823599748353E-55 3.0558591803709353E-16 2.3584193047932425E-20 5.110922461194358 6.128946988614445E-17 3.3808153663395525E-15 3.5814242718769716E-51 6.963217739673974E-45 6.929507965492304E-82 
3454.8420027221787 4733.33248493708 7794.982946923632 2.9856859611767407E-97 6.633507548288049E-69 1.499792484054284E-13 4.5603909689592274E-60 1.1285628192490284E-58 7.859135620395041E-20 1.704747416346691E-38 8.138555084137122E-13 8.184184758839234E-25 2.970295239103513E-39 5.695391616795626E-57 2.1840033545725303E-174 
20247.192990667318 4835.100339459891 4.1564470559114823E-73 3.8417331260725075E-65 53.17483860220976 3.381522498552129E-10 34.37265613903971 4.04116338490678E-15 94.21917055364052 0.7548287640716141 1.8770535829897996E-16 5.701835889663213E-33 2.259565258595214E-64 1.0164408997761013E-57 4.0943641606134085E-135 
30834.967508199235 6.147556065914047E-75 1.5078882187483229E-19 4.078867015640326E-58 9.895739713878205E-48 1.8614161268307043E-18 5.351048364129232E-87 86.62600750741971 1.1172648004719495E-26 3.2677667232962506E-39 4.842992813234969E-71 5.3401861630171615E-24 2.0301301649929284E-119 2.1921999220864203E-70 4.233583653307049E-46 
12396.90439489418 702.3523712461589 3804.2909442852824 1579.52772939866 1.4104572430097701E-92 1.2980246655269626E-26 357.13846244888333 2.3000805362020473E-62 9.103266873315636E-19 5.895983680892544E-59 4.760116203961506E-62 1.0403102242601803 1.029662699306822E-80 1.3016836922237252E-97 3.9125699611630377E-200 
23275.33859875249 7.580289881168084E-111 6.382628542862641E-17 2913.008545021984 2.1492870394557075E-167 2.4752695063691595E-20 1.8124856054398885E-141 9.108446783508551E-64 2.171653055348369E-17 8.105281594522563E-59 7.81291490803329E-11 5.038829762921421E-25 6.740627130965561E-114 1.7382740312310958E-61 1.757282831981058E-79 
6606.248717057682 1.3605658078744733E-45 4.58327583827413E-20 1.2792622112453477E-50 5.016160280627468E-98 206.61110762127745 6.768889858064325E-79 5.403699430991342E-16 2.53142843874295E-16 2.179964171803147E-32 5.1208698912836136E-17 8.687659512631847E-23 7.669727630539122 1.1609988588471903E-42 1.5814284057618946E-102 
86.75974675225088 1639.37498653833 1.1729227899889969E-14 1.7561579410093021E-91 7.244770054614173E-173 2.8425334565140206E-28 5.753415541407805E-8 1.773092881250045E-69 7.672498405615772E-15 44.79611188952329 1.1402992930500346E-27 1.503942185705951E-24 1.1055754496200687E-139 2.828614173561433 8.278901545084164E-75 
17185.9958220959 9602.33598771188 2.8452103873668875E-18 1.6317329261518086E-91 733.6727170614537 9.514021937736408E-16 229.10095155604992 3.6817870640608477 28.155991039349647 4.233184035826126 4.8529696089986765E-45 0.8961241645064489 0.28749397850597214 0.34033591767852006 0.03125854244110402 
10350.06799462516 28.758931940693092 1.962384799107858E-68 1313.5523405768256 23.170399411005203 2.118361797886607E-8 0.05658276164506618 2.3886345447401756E-30 2.3311390109139263E-17 8.530310367651855E-49 17.4498273623774 4.183587347312564E-52 9.02513030127764E-115 5.379164190857009E-59 1.414351051456006 
18665.02683187433 2.0077500140712E-53 1739.5881916060832 651.9963205837255 333.8297831080062 4.19137653343112E-6 1.8177570183038494E-186 8.896563716993862E-83 6.379985243562116E-18 48.92752547894996 1.0087426214805316E-11 1.0665597787210496E-14 8.301567151179205E-210 1.2017486253337178E-47 2.4282606972162484E-40 
3475.6257857993473 1.2315689391378435E-58 3260.0434146960056 1.6201655146773956E-86 1.9534906573053095E-79 1.5691314830744023 2.872117407866632E-9 46.91588418839146 35.29485429341717 7.326957752656224E-52 27.167232057787718 5.680692086451754E-31 2.8359501309869952E-53 1.2519714729491976E-65 1.3069519501034351E-79 
26831.399550132403 1512.0571019793483 1.8546740850714684E-87 5.225589567532126E-102 701.4601319760524 5.873947421449375E-11 5.724988496134394E-44 1.7410990347225844E-94 2.7534276856178977E-12 1.478990296954348E-55 5.974583161585159E-16 4.431970290212981E-25 1.997731337493775E-115 4.9275330990572564E-49 0.9026369133539908 
3041.3766499201347 501.11359579376824 3.349453612883984E-88 311.760167985688 1950.7005670810802 65.01407987095597 78.52455379118868 9.025096542946631 6.114216338967617E-27 15.034165451246157 3.1632884918818237E-20 0.9935956450946739 5.648767702295934E-56 0.038421605692197006 0.0635790616867331 
142.18826972417878 7669.850396381148 1.3894359081854271E-65 1.0869685667468171E-45 4.2432243405490674E-169 8.796175445260565E-14 88.83632083797313 9.036876430027306E-15 9.64319718284502E-38 58.25531984672741 5.774496112230799E-13 2.667997667073411E-13 6.381287180557129E-62 2.042592556553975E-66 0.09755944555463887 
56975.31565884717 3.341220766984483E-6 4.710513674478562E-24 9.569066664181946E-128 6.39283875281689E-162 3.2186991529895456E-56 7.750129481929532E-36 2.2419803722739867E-47 8.311834659605964E-12 1.2774022713272299E-252 6.555905216990379E-58 3.1599304061182444E-79 0.4249197259980397 2.553175200716846E-39 9.085992792917423E-106 
10329.210391792874 7.054400659737175E-53 0.6197663571624422 2.7287498616994785E-109 9.967944918828823E-54 77.20146555112862 9.409965316592891E-113 6.963640535273474E-46 8.208381235148543E-16 146.6845271747673 7.053373418294582E-14 4.268882646340567E-12 2.34530190860209E-22 2.311893965640893E-37 3.328259124025596E-5 
10809.25772847003 7.362332645468153E-159 8.943691286630429E-45 1.3274428856841695E-82 1.811564636434384E-43 9.784472340811977E-65 8.607223064809819E-43 8.358707012337015E-5 1.1850062037739223E-32 2.1704013441516017E-39 9.594857830186719E-5 2.9132359656241832E-260 4.435055490572313E-4 2.6428076876230145E-11 4.690421389705131 
18585.3796303435 20.783029363044477 5.718116415969362E-82 8580.033157259997 260.6269457912574 6.951879520168247E-33 9.631878727042175E-65 1.3294177881196509E-98 4.6532107070960874E-8 4.566967335998682E-11 9.843193526795422E-28 5.8739060986339585E-86 1.5719043234171903E-52 6.894854949410102E-21 1.9983722313563862E-61 
19568.59353153976 1.9326199151370115E-21 3.866670835627243E-128 1.4312003728425266E-10 6.318279275916106E-28 0.016521996068246517 1135.2491523191727 3.256260374528902E-41 1.2050545133791938E-5 40.97777917270453 2.8592474087735554E-17 2.9178111295499943E-257 0.004746362360014252 2.9357281537432586E-82 1.5885427160546478E-46 
3097.337668987268 6.901289430045724E-51 2.56276912048378E-45 1.615326998319354E-83 510.2783415820141 7.90435780004153E-65 3.332064411335416E-30 1.5540902113401018E-6 9.573038487547211E-33 1.3559223886847668E-70 80.20878028546763 2.226088254497563E-259 2.846420268947675 2.0394653671766631E-10 3.3146840180460135E-20 
86722.87619162514 1.681437990796631E-64 1.5430907742702293E-30 2.112723787808988E-41 4.904129994806576E-44 7.822503404255115E-40 1.5226120241366718E-102 2.2900786751394564E-136 5.2337395884669396E-23 1.064167894224461E-42 9.398678346008938E-7 1.031112787424775E-18 1.490322875412816E-12 3.2201930847420526E-39 7.128410630552377E-104 
23064.237024286424 1.417806044292624E-6 7.327242042153426E-27 6.771332712577234E-13 4307.449077661508 1.00139959516102E-54 0.06567846959269207 0.0024461144352693797 1.7251342574810588E-10 3.33248325824282E-5 5.348742863670154E-22 4.3966092369354346E-91 4.678715959193168E-61 1.2649874038082673E-104 1.013860403794314E-34 
12244.967001409173 1.5245814249513333E-51 0.6860395257553136 5.303068697977305E-109 1.260099436526454E-50 2491.7667365347206 1.2331894344161376E-112 4.4534543244584E-52 6.012728112525991E-32 6.137319650461776E-47 1.0703799407164168E-64 13.009455609185439 4.787697672063274E-157 2.399233824153272E-36 3.4129475856793995E-26 
19879.412123729933 1.9198095802832852E-51 2.2056368102165866E-63 3.5212481475555284E-130 1.1183476860048545E-53 4.080188759748705 1.0214391779147503E-28 87.860553368626 5.559466871269095E-47 1.7189692789761872 9.671760783780242 39.250147380584856 1.8317593861669386E-119 1.157108155502278 3.6674586501936904E-6 
1733.9033534189268 1.3457195063483923E-26 8.200487063032639E-8 4.3272003697719395E-124 1.7408403825762844E-27 84.40454296080533 2.047198680091448E-65 3.824164577997673E-52 3.639035598097813E-32 7.300607912347074E-72 5.177538765880755E-14 2.3255151594229506 1.0280563774191718E-45 9.405013431048973 1.0265995200722629E-42 
26815.82707543935 2203.160521946096 2146.632734288672 5.6608029194594E-102 2.5022977226818464E-6 1.1093331181364061E-89 0.0 8.563445660745406E-9 233.82153984258065 2.010557662929548E-11 4.907338225782555E-17 7.421019474574602E-47 5.450506449005632E-84 8.240032970571852E-43 9.445195874463093E-25 
8204.67074915086 3792.090695487871 1427.2575227535121 2.492187875084068E-102 2.722932095418546E-18 4.883877050276774E-90 4.5027E-319 1.1515475025293089E-99 5.955268206142466E-13 3.805114327067952E-12 9.063592226669616E-18 2.3030728570613555E-85 18.70076786813879 9.647307907956663E-43 1.3370475258716652E-24 
3128.2731830321463 12327.917237836169 577.4771378221005 4.957844957875622E-102 9.968669853920709 9.715960739740081E-90 168.65523527590724 1.3678153225766998E-8 280.3598218375223 2.3276193470950938E-11 5.681217508791758E-17 5.614040390835479E-48 7.619648548305241E-84 9.539472812263518E-43 9.952824640773579E-25 
3047.2027732515694 5.082022189661443E-75 8.883513284063738E-49 5728.440357886833 1.4334574446126004E-4 5.961770367544324 2.1565962719375194E-59 2.8629172969292518E-52 1.8119937917146463E-8 1.348275197337651E-47 7.269633095825156E-134 0.0 9.686448952526608E-5 3.870751787227087E-14 6.081431642236596E-70 
2263.2952902287157 2.539108312865069E-103 0.0 37.65858718472575 17.761615027175093 31.596481275527136 0.7702179714786042 42.92318392042387 9.812919216568726E-19 61.27737939137972 6.678244227076242E-7 8.437639098746061E-25 0.0011628852146612306 1.177122200864023E-10 1.906625552294704 
3572.7573880938576 1855.8054020862394 523.4807348624266 1.0356622134202123E-56 2.7889191828824306E-217 0.0012374925974168033 2.132584520417256E-29 233.85131783307625 4.448438270377298E-8 2.0059267115161847E-66 0.0 1.2000431780085852 3.1699374395567115 0.349290700047504 6.724151425397868E-55 
436.0658519611671 8202.326980941392 388.7667995536412 1.9565407238221363E-88 0.0 0.0 2.2772138861467268E-10 2.7116111840629053E-33 9.166536017642253E-29 3.419061646588146E-38 3.3464910336271305E-40 7.794034980696327 5.254819765037516E-54 1.1695562043412005E-6 1.4297176112158447 
2765.3433496223656 12.51568977559267 6.644373037311594E-98 118.76147186826913 352.68343179900717 1.2955189240639956E-4 3.40517371585215E-12 2.095631556227586E-111 0.0 62.29616876851875 3.5645710294964638E-71 3.7299615888409295E-50 0.9794184906602088 3.642651826669101E-67 5.228331045865207E-67 
2448.5265533266092 11542.75297926267 4.718053890570816E-35 5.9005579813730756E-68 6.233531988202261E-29 8.446220802483215E-46 3.84390833745514E-88 1.2524574897022688E-60 2.764439285003529E-34 1.4978416845786256E-27 1.7974081717854092E-108 1.238920650063754E-4 1.5084172856684255E-265 0.0 1.4121263338224943 
951.6994854506831 806.4718544535743 209.8431079086952 1.6821984154508113E-46 150.53960748314122 58.89714399867191 20.407451039116875 7.425598071868017E-35 4.835969015795314 2.2367728804239773E-49 21.383657601713445 2.829865323505298E-181 0.0 4.4893096447338907E-7 1.4824333647378032 
6.393506385938101 0.0858894162250435 1.0806660484890787E-27 5.784528766488168E-172 0.0 1024.0013306066808 5.664046568969095E-85 1.2984606303916523E-82 4.59011096637249E-25 1.6502524054889383E-41 7.404959082308392E-12 4.100748667109104E-43 3.729815188991573E-180 3.6895693352690614E-81 2.019124576146141E-42 
133.5147510650966 1622.6631418821703 1155.3097642611372 1166.2646582785 87.50169746190113 686.9971136485749 3.898086998763201E-188 460.799333616529 1.5779473463134696E-82 9.1035629097812E-67 1.3778285551345332E-25 9.363462360164556E-6 0.00961973290851605 3.456432260269325E-6 3.727258388272876E-28 
3.615716732003803E-5 2.471881225123952E-4 5.865344357463522E-31 9.520918815403908E-53 1.4504621509683052E-135 1065.7947613130652 2.6094659047293E-129 0.0 5.788663935044343E-14 1.690277651177663E-41 1.2744479980301234E-18 3.903765258854627E-8 3.165802782157559E-51 8.423057415339592E-52 3.4883932742783295E-158 
2.3628424325892975E-4 0.0 8.229457134080356E-5 1.1079001233606615E-102 3.082813903039283E-5 1.2889907837724354E-22 1.766854335775314E-133 111.41860719467468 1.2631407892041846E-17 3.158416374216382E-11 2.3699417934348457E-10 3.805657402888264E-72 7.2025585494076925 1.422661578888707E-54 6.357168578035865E-42 
7847.934301290435 1.174804084197104E-64 3.7281310312528393E-94 2732.275578222683 3.676263652229871E-39 1.1139365663595568E-17 6.353177947197471E-52 1.670728463094704E-14 90.72159668845482 1.258599764223632E-55 6.48543586139081E-108 1.6530385361677092E-24 2.6297310163519887E-139 7.292271740126865E-234 0.0 
1.5460531947535435E-13 2.727034978847528E-12 4.796055900391298E-36 1.1399201675689468E-8 3.0119556105065126E-199 1.2035372689452994E-9 4.4162556770676575E-18 1.9815676314410226E-67 5.688930158720297E-23 45.251840730854575 2.824155937416852E-82 3.055666346204637E-22 2.105929960956929E-55 2.8286141941082747 1.1559530300799966E-86 
16775.745311622803 1.4330830988768111E-118 4.350743965121195E-23 0.0 973.7798928168181 2.473563596253749E-27 3.199258072533666E-153 5.356317567452055E-43 89.43282544715403 1.440725913920273E-28 8.612087843026983E-16 1.9790768388225978E-26 1.2302573273365276 1.9535945531604346E-62 1.789227406604526E-161 
40304.346244725515 1.3368792118162786E-50 1.490917966905698E-27 1874.6548201034404 2525.8547505363717 5.856739805169752E-7 4.001891909012464E-112 4.221454450304885E-11 80.14800216373199 4.253334096877496E-63 2.60184608308881E-14 5.258983533213186E-68 5.0874737719932897E-82 2.4621699944801474 1.2716190999034296E-8 
66385.64719112843 5.7492782441891425E-211 2.4438919590822424E-19 2.96628477067706E-42 4.4969900728401856E-35 1.9067184238302981E-56 1.00371429135109E-52 363.8920671226868 1.900439357772117E-29 1.5981918615642632E-28 0.0065356767176535085 6.6659522843352925E-71 2.228684548394594E-6 3.790016306577793E-73 0.0 
3061.8444178344553 3.77948183163666E-171 3695.617788427816 98.89790170518332 3756.2906862324576 2.890379390542533E-25 21.50812910905034 0.0033385674538072368 8.891422357275885E-54 1.3561327554303093 4.3371009908228674E-30 8.669654272218555 3.904171114818457E-135 2.666787215596952E-69 4.0363558237599207E-28 
45134.68178092491 8.25075637265706E-301 11.464990412368193 369.21164136894697 1.7001140893945223E-54 1.5657297137959907E-19 4.42594910737309E-58 1.9571130142038646E-41 6.459828827778713E-12 1.0338282465545119E-44 7.479399763076965E-14 8.212953699093598 11.698244657428962 7.593403776609342E-35 2.2342017137297077E-4 
1047.4318120881053 212.96208898574216 232.41653140312005 128.43315649391238 1.2321423488760178E-14 1581.8854929962363 1.8436972418758877E-9 1.2091114787127651E-45 4.576728037536472E-56 3.249500527644616E-42 6.653648105781354E-26 2.9725746369609683E-36 1.1231803350290125E-52 2.4589643332950146E-4 0.06234324401839727 
11799.524108099395 1.456510550593613E-170 14241.916060423631 4.8672169477596136E-14 6.414595498171154E-18 5.48056597336801E-32 1.690538375080028E-53 2.5907691136131304E-163 3.8453988448870745E-54 1.2401095377743119 7.10513619847009E-116 3.7268697835877567 2.2424847159682415E-119 2.8874627281661743E-67 8.73869173617723E-28 
7899.592717767767 31130.761138597652 1.4681650801694967E-118 1.538993514529023E-175 62.485665265198705 131.48420482065723 1.1764619615050793E-9 0.054437806489276 2.7247400586052115E-31 1.907835150998372E-11 4.6566146983042336E-17 8.83974615604066E-47 3.458625944607137E-68 1.0387485831871153E-14 6.499077547500833E-59 
52698.08376815702 3.858441873134037E-63 38.739394879160606 1.4397819677173494E-115 4.988900478964596E-13 2.1305380244973087E-32 2.39105769790916E-164 3.1128501778040137E-6 0.3191873322751274 2.455756819489751E-22 5.939154661515544E-28 0.01577772613098843 2.0828638050197113E-66 1.0273568226589516E-238 3.059415826430305 
9617.582006408446 9.287963829183257E-52 8.298571219656906E-7 9.728009030858741E-135 655.8644629122972 3.680819624928238 1.3590942872534144E-28 9.396293859463554E-54 2.6111587666054134E-47 0.38011676333321304 1.561336702037303E-65 22.431037354868494 2.082603877225688E-130 7.589954717219715 1.83020513433659E-15 
317.72677079529154 4.894492630679004E-77 2.0919259603966738E-48 1.706118111887414E-28 3.0078899894580838E-15 2170.1520043881046 0.0012243703854398242 0.008711751803380453 0.42062358839336256 5.138992768095123E-34 1.9005902530989982E-28 0.020791814432609378 2.8976012431877543E-69 3.2264664767186972E-27 1.629382043803577 
4209.641279622906 4.3159775384507787E-73 3.6896924181261695E-47 2.126760782643911E-5 2.8085725529113186E-14 8.405492625355056E-52 187.74816495983865 1.1942682150526249E-4 5.89549048975477E-10 2.1607279839318338E-53 12.366482989949818 2.2614425620046987E-25 4.356391963585306 0.1456516691783485 3.7881539450967248 
34337.206045244326 3.224614181083E-5 8.534878100920457E-37 0.0060654217273715125 2.0931145189270886E-29 0.0010963566877414685 5.927176392011564E-30 6.68961347443689E-31 2.5085649818910715E-299 14.751080982087236 3.10185336308963E-20 1.6835381974090403E-37 9.342138456830261 6.020624483943856E-26 2.4489418278846724E-21 
14920.84866125959 1.780894890843476E-58 2.098091394391195E-28 1.038132471141861E-28 2005.8645680785858 5.437543741188074E-90 2.495068102775371E-31 28.012732470917253 31.38293707014596 7.4013669470622E-66 0.9159659783529427 30.50999917218063 5.79619524878095E-65 6.244340890666496E-14 5.399859208225045E-110 
5668.680574426051 26047.500190057795 1719.1996034464526 1.5583532029908982E-119 3.3426101185410086E-8 8.15287672152245E-9 78.6526966534691 1.7109834438787321 1.0112430283378194E-91 7.828883367044425E-28 5.526660144534495E-11 7.935530340163143E-34 0.0659949273297028 2.691964796740341E-7 1.0465071802186636E-129 
3414.2589323702555 4.214495527020683E-171 4120.978835916896 1089.2037812458657 6.538565430410125E-18 8.617597836484516E-26 8.681590449657323 159.48449072856278 1.8416989245478703E-54 0.6095681398490744 3.326382162694372E-114 24.280814548027656 9.762760300185173E-120 1.5053250541380981E-15 1.130474868422659 
2538.05817155341 382.99239955962804 2.4289000934257982E-5 339.2633460887868 640.4926372134945 1.8027517504634787E-15 223.15173249458226 3.872205194149964 1.5387469596656258E-83 73.00808166354676 10.602451307812787 2.311508E-317 4.0502872147151847E-76 1.0364872565659164 1.3514803888660798 
1380.0896531051935 4.632044906569394E-76 5832.211361644433 6.543576213947256E-5 7.37969523831091E-35 3.8940545363573655E-229 3.466500874279436E-31 55.44862667863582 5.833504376508741E-50 25.66185287642333 56.5535505624325 0.09788429406438535 1.2589354890185485E-55 3.852503935430219E-71 2.0526683939345547E-45 
2273.0739756526673 2.513373328956514E-12 5421.624873846806 1074.7340973799087 2.1999288823810614E-79 6.385601872175018E-144 0.0026308830782384466 5.195409466439074E-6 8.676100062439892E-10 0.42543598398873544 3.0450011174810095E-19 1.0199453966134819E-7 16.454249794081054 1.2293143275664847E-5 1.3557308035226072E-48 
8838.134255798297 8648.05300214507 2.9669527301471723E-8 1.3309654432542419E-24 2.6591110661985857E-136 155.30161033378963 18.91558153749551 108.47958888122959 69.52666849661303 5.210030368354638E-47 1.0454493535840698E-151 5.632939995688668E-10 5.256216514693505 6.5837991205461375 1.665084294727824E-7 
16840.380841269147 2.142895974797089E-22 1.4530793673950258E-6 7.2777132105402234E-158 1.023932299326707E-14 4.573710436767514 26.00715509561898 70.10511423527802 13.956427370794685 0.5042042196303033 8.245664471916262 33.46273269251274 4.0341761825326607E-19 4.111600501489962 1.0222667837949617E-68 
83041.35914233013 2011.123508120926 3.060631984851314E-19 2.8147169602870978E-151 4.0182303427490263E-35 2.615046186461125E-17 3.7312694650316173E-10 265.81570385164713 2.1051487029749162E-29 1.7703440579241609E-28 0.011058458566459645 1.3800590049979544E-8 2.6078650994219522E-9 4.198264951542997E-73 0.0014545389563660313 
2740.5290877393745 842.9222715733889 9.294468930961518E-36 3.275386338160458E-27 4.75053538965045E-59 201.01819988376417 109.62080775568135 3.253789705155231E-104 2.1840448056040594E-72 5.236438817689144E-64 3.8464807939057694E-62 4.169566867690571E-37 14.42418979831419 5.881010935712396E-15 9.187415975690851E-22 
4151.921515528213 18059.724866086694 854.0026191138676 3640.7510280805136 19.674591115007832 1.8182085458356606E-89 4.110835724593689E-157 1.0978822744905463E-8 215.18035656743047 2.1903397673693295E-11 5.2853745732232484E-17 8.084599795013476E-47 5.937885417404396E-84 8.97684867867945E-43 1.0289776073512284E-24 
2515.7659120577227 1.1490133044217837E-26 1.302264049603704E-35 519.4364154784248 9.450573502214563E-44 303.48789299574406 1013.4858073774153 258.8815117099043 1.8185423765043117E-82 1.0491614290735154E-66 2.7399232950396223E-45 1.0791141499457629E-5 0.011086486495040649 3.2851774380969077E-15 1.7062517939385172E-32 
310.3117253086551 5559.517567041161 7.4985674093120045E-47 4.142898370723055E-35 5.368828003723853E-91 5.4502551860827166E-173 7.963972380003784E-31 0.022471879331763967 1.5198986584015718E-31 1.414494476215137E-25 44.69997497548607 3.736390865557658E-86 4.617610678642333E-19 4.408858604000126E-89 7.090548692216171E-33 
699.4581792128988 3.9059128268856997E-76 3.427881084741272E-48 1422.8761082921303 4.4955848185866384E-15 9.084209141664868E-58 9.532556332334805E-28 434.22498013631684 1.1098837535510407E-10 9.264725221204326E-69 1.9889595613659566E-27 6.490320568373371 1.0989045848861529E-83 6.820160833457334E-11 2.5915581179318956E-42 
927.06159512442 5.050819947660691E-71 1.0509943771007971E-47 746.669734449111 12.21178970238353 8.049552876030479E-4 3.899049939194991E-32 0.01281820618868221 6.549519297764147E-11 107.0774652573896 4.2972595834603987E-166 4.943521084783408E-35 0.0 5.9259236516311657E-8 1.507914111867099E-121 
1990.628048583879 1.6261610862482524E-108 6.017350069090911E-29 6.747642231619499E-35 8.09455736528703E-22 9.380034447341425E-5 1.8946732324289974E-213 35.25147203505165 2.7042264176713433E-10 127.4835931690734 7.002960034063751 4.116348232150326E-21 5.811973880431762E-64 2.034238614628237E-6 6.442345866958187E-45 
0.0764460551904105 1.8245592261711548E-54 9.898365217837616E-34 5.962558398745678E-117 0.9888147725104114 2.0194715923565077E-87 1.1069025575154889E-32 4.051249082448135E-15 8.896493882733729E-12 5.917947610656232E-74 64.7757573323254 1.8852516368996506 4.581876568497809E-37 5.734101264021821E-14 3.032101902261095E-130 
1425.057807577017 4.31227597661228E-90 1.0795696834210777E-157 2.872031193518926E-80 1.338891298011098E-29 192.1468883054687 293.0513167337123 1.223326257423372 110.78796771507892 1.9342768226456282 7.862419953536551E-42 31.939046295881038 0.008626672717997929 2.5755694457113358E-62 5.143682165458208E-7 
838.3700042114172 3.367397702486272E-71 7.485804500438143E-213 545.7976436222442 110.59369289566025 1.7644830288299592E-14 1.2513147665378738E-27 1.530598365701449E-119 178.27975349657086 2.992651255708499E-70 1.0489567218584872E-7 2.668823012537294E-22 2.4701868545893366 8.431608268028749E-95 2.4512927758368793E-28 
58.523365393735745 1.1395759718875604E-57 1.455355838511007E-34 4.4815974584311034E-23 2.144057800664333E-17 208.05136671567575 605.5477545150492 167.68362323889633 8.467216802601377E-11 1.5874740948806275E-29 0.0 2.3200657815769193E-4 0.05315536048273736 1.1000024539756818E-56 6.649658039217302E-135 
652.0331198605298 8.28748204678911E-26 0.08187432186763903 4.596222999118377E-6 170.51279237531753 1166.3191017098516 2.638782469826659E-78 2.689792546185617E-22 6.612354774058465E-12 3.788793294980841E-69 1.4350237902716465E-15 3.300339520904694E-85 0.7616234776520419 2.1075402072615082E-54 1.6699179076886243E-34 
9071.298204588866 7.866762577634752E-8 5.723997025288993E-47 0.010513829631465828 153.4936081616195 662.5646314308788 5.329658267037688E-203 139.3058646882749 1.4504447188118577E-12 11.783877769957934 6.113592742139809 1.3451732973004025E-35 5.584544924445536E-65 1.353517958369299E-14 2.7339453633235853 
14602.45516825029 5.318235170143206E-33 8.482086460695834E-33 1620.7769029889625 7.775172964081835 1.7397859626700322E-15 714.4120799964236 6.172044957336266E-12 1.6254709551671E-9 3.819473737443646E-27 1.646207761157169E-9 6.435246227794266E-149 2.49157706971115E-56 0.7206126176177101 1.1606975412134754E-39 
158.18651422429886 4.781689121575846E-51 3471.3379316389423 2.072596313635358E-40 2.372714096543425E-5 1.0843461149621401E-75 113.98635329682372 4.239774575318564E-7 2.7324597534460336E-66 1.6154918439694527E-35 12.79042195075221 0.03541169917489876 1.4438145262191074E-66 5.592196750847898 0.020390994836545353 
17595.836187290653 13850.647683175343 136.4184872891047 1.8922057568589958E-24 4.430523001582263E-136 1.2724707904606793E-14 5.871017274101728E-4 150.6800872736792 49.27799113891508 5.219583464124672E-62 7.63754940475743E-175 9.584716081538422E-5 1.809833686636529 6.920534844732087 2.5538436475314415E-8 
20785.36813116506 2.588310076657791E-31 5.696072484972305E-79 3.862387133306065E-15 1.1297491673199877E-10 2.395499722697171E-87 93.07673289344989 22.62589706561608 0.0021085982953215096 6.660464401047648E-34 4.094697869688838E-34 1.6836329283154248E-164 2.4910186587077505E-55 1.5760040375272112E-90 4.250113150620716 
325.32447873099557 1.831732377323337E-80 1.3796717488241588E-10 1.92090130217291E-46 1.6946215357050842E-13 7.623545843522624E-13 1.0266125893226828E-29 332.7958708503856 8.25279595285866E-26 4.179127759838978E-6 5.73309972944848E-90 1.0005494238695441E-23 1.3092524554081371E-20 4.8375927932651164E-98 7.031519285946655E-42 
1422.1037343807045 18980.219879186898 2.4871217004537407E-163 42.42991766428747 5.264801204055777E-35 5.745075236117867E-14 1.6750724548424385E-5 2.678222780878209E-51 9.70724828239483E-29 3.4630699872433523E-69 1.0734959694391072E-40 1.4179038098146913E-9 2.039204203482591E-22 1.19937898757346E-55 4.083523379806564E-91 
14.708553952894434 5.523516171788386E-36 2.445861406478815E-207 6941.884298026438 2.764346638753343E-16 1.1875506762006332E-59 1.786249247154588E-55 0.15820073911692456 6.27999353884735E-17 5.701837374624542E-6 4.166169830921395 9.179028230740682E-43 2.1509399341709186 1.5710789666848023E-11 1.0370133266843023E-48 
10495.271166176553 2.001381442783665E-71 4.940973590284708E-151 7543.038765567252 3.261710721341324E-52 0.5055413042931666 3.7304942884113634E-31 1.0517093938182099E-51 3.11469957862778E-10 2.410902579890898E-44 1.242190298931984E-166 1.0663473398600158 3.7069982067060554E-44 2.9542858674613957E-7 2.4116521162818814E-76 
7639.426968266926 1.6539104093205717E-46 8.866223594519813E-90 2.8257812268596787 2.374389375312793E-43 1.3588436903459592E-13 3.769937706740719E-21 2.2251920429691874E-9 2.8112886950532255E-25 5.78772680561054E-15 4.855025621895403E-121 2.3659796849396227E-7 1.4324336467873536E-31 8.61068094971183 8.64789667212697E-49 
163.10684927223588 7.294925871964853E-64 5.892663134677786E-62 1.7414692744811125E-70 1.3369596404831997E-49 1.159459784511335E-59 5.492681671392596E-31 3.5873186522602583E-16 138.40189490630928 9.121380393286758E-62 4.698422463862358E-28 2.63470379247482E-51 5.016342240836407 3.4E-321 1.927731642227899E-32 
11658.836974734702 1.4801181040507912E-54 2387.398445746561 956.9322555484496 493.9610369204063 172.78963757669473 136.37190667382694 71.85965985111332 44.98102790514898 8.907679548460163E-54 7.825599225534227 5.3796153674378635 2.7322330243673285 1.773661842157058 0.17892891820940413 
94.24338231962949 3.574269195089239E-112 2.865529968035046E-201 2.2395487814174983E-68 0.2532454194691158 1.3252511283354498E-16 2.6849174092796606E-60 1.6138914976879515 5.036761127996428E-20 2.834037001289139E-22 1.5459267841947652E-9 2.1226194782314116 0.8596197892283014 4.865028005590819 1.112469300480262E-15 
9877.609066842419 1945.802219342838 2700.744766723975 6.610979299905635E-102 1.296236726161589E-55 576.5363128890775 1.134082865916305E-73 1.978987886539034E-25 6.56767106129753E-20 34.22477555383483 2.003022002237848E-17 6.266312754354853E-44 3.4257691429056045 1.6277079129089308E-36 1.583930948207628E-49 
970.9792197182318 1.989084257870762E-33 6.219176545565014E-23 556.9223583771563 2.923307515643585E-17 8.780221533963806E-17 201.3489162103557 26.41723531595713 196.13828184233483 3.979325193277482E-33 7.015464541374945E-12 2.10922238946631E-92 2.0983724882938837E-58 9.563599990682839E-15 1.819291504789266E-42 
11335.954071953773 1.633771395796976E-20 1063.9291211402945 6315.586934960913 1.6436377267100561E-12 1.3748265381281E-12 1.2195029605423941E-166 76.01741814269968 3.0587323577287056E-9 3.154540720755051E-47 1.3882964087996114E-27 2.7354779535519405 1.386203810225476E-83 1.7923213684634816E-6 6.940674815804235E-37 
5501.114036589592 4663.507710598771 1.4804795324816292E-28 4.010647179521603E-34 1472.0005838973657 4.8599297822763324E-15 1.8135883490408022E-29 1.115702402202867E-52 5.6290819134862634E-73 20.71458634308662 61.85821479242193 1.656890962351682 8.747307269549649E-26 0.6527833950296146 1.1541428022270653E-216 
921.6534895732397 2.277444486370165E-62 5.7094566764475164E-8 2.024883295417388E-17 8.386191894724366E-25 8.292009306789952E-6 839.5325643264841 4.225449832139455E-5 7.692446599159834E-102 1.828443898305859E-15 1.7755297740735517E-20 1.358506520728769E-4 1.1645901468784411E-122 1.0257354149255806E-44 4.4719241789085216E-36 
5.068171664099822 0.5870876931654674 2.4622348803468455E-37 5034.156286880176 5.811627537763495E-143 7.88926210989074E-14 5.718505757791208E-6 4.793948671213069E-22 1.0291050423891018E-28 3.671341952262575E-69 1.1380569271497165E-40 3.426718907322284E-9 9.014054821718393E-23 3.665450841149863E-54 3.4033099205299743E-104 
0.00902575920348663 0.010941144525681536 7.21924602563566E-31 0.005486400394650201 0.0015016839934718672 3.516488074168194E-5 4.1153626948009893E-4 8.269372981836394E-117 2.4285131184120834E-34 3.67411109897929E-5 4.034694862857084E-14 17.731794400909962 7.795159107327092E-227 0.05656875554288364 2.7900080061174096E-25 
9962.107730490554 285.02461965618477 1717.5711447716892 769.2510891477934 397.0814688755755 473.03430063654054 149.32528972594704 5.543095157891144E-11 50.95146892530553 9.191166740263058E-54 9.366494589284272 4.510540045716181E-23 1.7209300103174399 1.6563803569065483 0.3877866821631949 
8344.948315767679 4040.729001255986 1999.5721543920993 895.5512918797818 480.3917368546768 162.86122382435798 2.0892052237512398E-65 118.35355968939383 38.9644912027664 3.8608199774677665 7.789430840389766E-106 5.057036136386004 1.9522859257208924 1.6401854536053975 0.4883296116900177 
5433.813272974897 1.2746339954632046E-79 8836.690971787519 1.9515999605693137E-89 1.5232237791463423E-203 4.685703553968011E-9 4.6995185769813607E-51 1.0336146334934953E-14 1.7594037774947247E-36 6.738023387577027E-13 4.8906475981251617E-54 1.543198852918191E-24 4.327027370510449E-67 3.7862340136895826E-41 5.076766380294828E-146 
1267.3009936681788 77.44460496682298 7.317287236383052E-44 1.7235187404763202E-13 4.186626895295433E-19 2.3756994061809347E-16 32.14965698053415 1.835990643031088E-54 1.807509256631414E-12 1.2026404807095822E-24 37.82590710599083 1.0575465569904517E-120 4.6561029113806946E-57 1.978290509590503E-19 4.502719441126623E-14 
508.4890015451206 5.704552368388495E-104 1.4376765905065866E-11 301.5977686068001 2.4928740690340723E-138 46.00752076262078 9.445705994846479E-6 2.8601260183569517E-19 31.12731637318398 85.9063299421807 6.470716903707265E-7 1.1828942679162485E-24 0.001188376366365689 1.5121470580846762E-10 5.1201155763086026E-54 
2477.0152422039178 1768.0455451035552 769.763575923424 423.1295897668324 113.76097013912663 65.85628763545262 130.82910867322775 36.53393768838718 14.896265591815384 27.39348324278807 1.0254118275175456E-45 0.7959416819370736 6.524619359299279 0.42741174315208064 0.12276638685978178 
5894.897397288282 1.1434370991688033E-33 1.2212387219302943E-46 3.842013081153185E-15 2.0334228980140937E-18 5.232438624952388E-33 909.9305893230396 0.003152498091856121 9.321695190944182E-59 4.531054227035524 6.992949004300428E-114 2.761790022306643E-37 5.6314335225219E-64 2.1265148096923595E-67 1.6420729465042117E-41 
1.8740916207188942 2.2234455573525107E-55 2.1837472104324432E-32 6.209384275846014E-116 0.0053955048229732015 1.0026991344849397E-88 1.3125639902757257E-33 0.0014848836152124918 6.833205229149394E-21 3.766071697138315E-5 7.720824230745089 37.531106861268974 1.4176992617210302E-123 6.668452418390172E-14 1.2304667954231498E-26 
3.155858478207128 0.10735000244364043 1.8425871943726552E-243 2.861306912358438E-20 0.4539817280575409 6.732360617050498E-11 2.9375034065192174 1.4747490557023784 3.7834771943204976E-96 0.19300887045938805 8.719567821767489E-60 5.474178921733216 8.312046634712504E-42 3.3764811945030687E-14 2.5672371354403065 
9063.644288846417 4388.7306366906805 2171.782262934848 231.1426051661161 449.84428213357893 176.44948530161574 4.894364988183876E-115 100.61819225976619 14.896457095855459 8.626906643556497 8.395178295823111E-85 4.464376074259326 5.955319943493512E-157 1.3918009071114708 1.1355539925235236 
8279.559219082907 2.5153793321775448E-53 4.523649822703914E-9 1.0737446205821436E-6 1.9350924681336923E-105 3.0360980941328004E-74 111.65167097679242 0.015113743867442875 4.7159993470041325E-94 93.44463602025836 4.380500200935645E-21 9.213463271458696E-138 3.2152566912741067E-25 6.627908167501101E-35 4.208045942213655E-27 
5503.873575115507 2.4875195639083484E-56 1.1388465214107908E-7 1.7320093928121576E-27 2.1525203927754236E-35 2301.3627581518826 1.9698760425158417E-9 7.799871618895694E-21 3.208656949473889E-14 5.3726839520411984E-49 2.0849360267147566E-41 1.3160247404440792E-36 0.5373832281686219 0.3264016525806835 7.564618763605579E-33 
3807.912449009299 2.600638294080675E-53 0.22847980991762643 1.0059665912947172E-109 3.0093081108152267E-54 54.78868233272591 3.714305020758038E-113 7.725433879725771E-8 35.803765962993324 139.20454182720064 3.7582036452533235E-14 4.051196566832914E-12 2.225706309462568E-22 2.1940019607976147E-37 3.5425443956941065E-55 
8.75001278253245E-5 6.495499029948292E-7 1.4158733295118578E-6 1.4120982152111246E-74 1.9002347723853561E-6 2.6808313329895275E-14 1.8379650405383413E-129 272.08652906298255 2.421349202576941E-32 3.199901286516371E-30 6.5238868899606884E-12 1.5332430629927402E-27 2.8899324417972176E-69 4.343290793912349E-46 1.934147134419229E-30 
4575.559328497715 575.7918607232773 1.7586966806023094E-19 2105.7374437641956 1064.3034228895624 5.0911317727651546E-18 2.3186163998314522E-10 1.9337604601298307E-68 2.8985306846040766E-14 6.1359153089916974E-52 2.1846822367168794E-70 2.221933213952521E-36 1.0622539558005465E-54 2.668049663908488 9.490273679171156E-79 
6614.096971270803 3202.628996327669 1576.8161987515832 708.6492835852222 740.3944858905559 112.09799289998175 6.571329865466902E-77 59.30853918923584 38.735275877520515 7.415862458092733E-54 6.515003957315784 1.3260972436143863E-25 1.5825948433755528 2.5961672357889944 0.6116070797296838 
0.10952156055692332 7.440514442802378E-53 3.663610782822221E-24 2.0453693450716885E-41 1438.310056716419 7.86039629164214E-9 359.6224017227803 6.006307824084093E-69 7.290151358872791E-17 1.4033098447532992E-17 2.2983818951131934E-15 1.8539811078736212 2.993852075520482E-59 2.5292753752084907E-100 6.02068424833534E-54 
4842.241083978621 2963.474768557167 1314.7068052172503 590.4351662304051 2.855651759754464E-87 95.67438132790276 60.653291987993605 30.855470149442564 17.639125421186005 2.0048032649216907 6.321128062063295 14.323670334197734 0.14463390014766445 0.13304341490178592 6.0849512466286205E-139 
3638.8394053526094 2005.647390322942 1379.474808861861 491.6786610148895 313.90447977756634 132.11009921817225 58.58005479284546 52.6941630315528 53.717049886446965 1.6317111036386457E-56 25.912224771417645 0.02448338292786851 9.160406500174168E-15 0.2002523880426603 0.05901769305540029 
8.138873315299495E-5 10088.240117898491 1.7076338723592617E-79 1.0985447472042225E-89 7.841717704186208E-86 1.102931486585085E-19 315.2808924515986 1.3985432045135769E-55 8.855840386619079E-17 7.55998585778615E-37 5.023311743108917E-84 1.5280639550592293E-23 2.7734359542506755E-70 4.720763794230741E-62 0.9832169025466875 
52.67525382288345 19.069468790745564 4644.711948336739 1804.9868753512062 5.694956401212838E-45 88.73693362466874 3.957986575430063E-120 77.08682161764196 1.0943373921568903E-18 2.8528042065854136 19.96327621791074 0.9991823976178202 1.0966787141775587E-16 2.5596566119691815E-40 1.1010877695015023E-48 
5.912726774908779E-6 2.975903322760218E-6 2.7265953365842055E-85 8.199506554604922E-9 1.9797883466888755E-86 5.5916500945323834E-24 1.6151450130543525E-56 1.8036158716351287E-106 1.6423449570478712E-30 1.4424913013248636E-59 2.073626618415341E-20 1.126806821303016E-34 1.3365972927115018E-75 1.7076344264266313E-108 2.096911356860854 
614.9433299364342 423.09034322999247 186.87607214166877 102.71776382466287 55.3462483007308 17.740151500103977 3.438371020189773E-54 6.247809021312408 2.9809082967498446 12.271854889412767 4.126370725165495E-18 0.2968970343493639 7.54256373671409 0.2874300554473303 0.5216206376785376 
11799.074503066055 6699.679812277383 3099.214148404007 1984.8646613308983 766.3095818566211 404.70145431548286 4.084709687424909 13.914789288417435 8.194948662119394 10.007808684472268 3.229594081791958E-16 1.077414873853897 0.28805227116387017 3.3089300001246927E-78 0.07609356344010436 
223.98332916474345 539.3466351344281 3.5543874535296185E-20 1.856275431282378E-52 2328.1033310645257 2.1391838282600328E-44 2.6262609932223568E-92 7.265844244194847E-59 3.2001514021439436E-16 2.851894666861303E-26 7.968876386451935E-26 1.6607284976221527E-24 1.0077337411642616E-144 3.6532665444844555E-57 1.6553557355530897E-51 
6956.563555583937 3368.4556266233244 1671.2701171845488 1443.876139237627 481.8552946788584 2.2448207284852997E-19 2.126532731793251E-92 61.3256046229956 38.38716657666396 7.601884495821873E-54 8.87871982574065 4.742152050066164 1.7490819804578588 1.515686112513085 0.9053646190785969 
3133.128640882917 7051.715647461371 2486.7898488771293 1121.2998018776013 723.7057295037995 268.16999005469575 1.4941446523825993E-174 35.67392520049828 40.67309883661581 25.03597311072449 4.4317772831183555E-79 0.04093701976634931 2.023458927601906 1.3149844446850105 0.17887092855421993 
5689.768720933158 2755.057624224338 1363.3521345856864 548.9812951054394 3.900218204149422E-46 100.29072952496385 51.6732767559776 9.389215535754876E-29 2.0452273559977407E-21 9.923952010325633E-41 3.4810614186456523 2.3930143830567547 2.200458452548536E-61 0.7370036834268855 1.809371803977319 
8907.936516078867 6381.095003113483 2780.4764621546346 1528.308687605122 823.4812456465071 263.9507194035134 1.953825509773447E-74 100.30731670563239 38.388831965788604 2.310735243103167E-61 1.729676201520422E-45 1.3417732352796494E-14 0.7194339427983152 0.8387978259222537 0.01390014561968822 
17958.483395467345 52.946286458325936 128.89765732498216 1.016383404416195E-44 9.134303471980404E-102 1.4344806167398271E-9 1.4930491751789834E-75 208.88206596258854 23.468596926905473 5.207076519196269E-55 1.1651918784181725E-15 7.195612346466842E-15 3.28999314764488E-65 5.4599933122960126E-61 7.462742509517588E-135 
1144.60224659816 7408.208626693906 2651.4006910598932 1713.435056081728 843.6350139970276 344.1766129150394 98.09481794481196 95.60845546955336 3.468527654766275E-17 3.803053522670825 2.126912789020107E-33 0.9622554749395508 1.0649604104381569E-16 0.9527285398506463 0.025625347290155337 
5403.615671448779 2616.4987162363013 1382.2607892586293 592.7795274439932 305.9882121682733 107.03595695102591 84.47669511194006 44.51405516100546 27.863866340546082 5.517935091792291E-54 2.63913614288547E-11 4.8207850768246985 1.3206400351252257 2.7101841576889316 0.8790549896788051 
7587.41331729268 3673.9210209092867 1818.055645048839 814.2552285780376 529.0228308718625 154.71347536700142 121.97905891839699 85.7055546170226 43.009806379845436 23.26450204261948 8.252296102638384 1.1051258901138825 2.011146491167444 1.689421927567211 0.0731749500468906 
9457.639399091013 3762.7063205128084 9.386783728112587E-83 654.8555575033255 382.78715121372056 147.33696893578295 3.3208069272249894E-61 40.17975197799366 26.394498182845034 16.2469638777383 1.120080577994255E-67 0.8136889081008608 1.3608108904227048 3.1284181741010215 0.2696401534929423 
1853.217285655617 5.285448734101212E-93 0.007952746459366689 1.3534543314464917E-87 6.616035688129926E-51 64.78991480682203 1.1732393166385589E-74 2.9186051665551165E-97 5.356849777672864E-16 2.186763463743908E-49 15.755723001474362 5.835995852649386E-21 2.3716650447292053E-56 3.464964222407369 2.4841341941430137E-85 
1.9174775504362473E-6 5.715983802633759E-62 2.456748676816964E-29 4269.6096839314705 6.043780416464124E-80 1.5714131885474336E-13 1.0573550816170933E-218 5.245390821375748E-83 4.976045824863417E-38 6.815938009825014E-33 1.671915718901724E-17 1.248325712605997E-21 5.057253640159662E-66 1.5683620612975154E-83 8.272834817440732E-52 
8363.832235467285 4455.699076211686 162.08966511688465 782.378433310079 504.9601844917804 161.7168643603652 171.70784707449727 65.50979422463996 35.58624431354265 21.904803942390146 1.0223274403968716E-78 1.2924854015306706 1.7794703453633611 2.2758959076069973 0.06704633502639322 
2163.4462448377963 1152.5417013602787 4.0086598882565495E-22 202.09119777916385 130.43305409504674 41.77205483720707 4.900840007822865E-118 14.151690516985582 7.687484324255048 4.7319642794932735 2.2084730557857384E-79 8.402731046318562E-16 0.05158337928809132 3.9910199413299425 0.061698387173195646 
14855.942040217684 5368.326810085003 3181.460863347534 1643.297547119876 967.6044509457796 382.961650150952 33.05658251455652 3.214385887525878 6.302178427576887 3.7248833049903975 4.847674218794975E-45 0.9016618496958567 0.28718683478164764 0.3385237195069426 0.06411879557593558 
4.940660014306838E-6 3.699303749616208E-4 2.6136878541452156E-4 6.98749566540464E-5 2.0027454967953552E-45 1.852132958713931E-13 424.64642488357623 8.693343176581588E-61 2.1024966876739935E-15 2.412778945152494 1.1276420066389104E-69 8.923266253380394E-15 4.459201937776914 8.913859148944705E-51 2.581874337525476E-23 
10040.281030443743 7488.519292979502 2.868583074934126E-20 8.085693391483063E-57 513.3118536312718 68.78037580693628 232.21618390928901 99.67978785520559 8.79120789922296 3.6299603361317967 2.928457848447918E-16 0.9572854761286149 0.24673906621157632 2.1531147082104862 4.006667902835224E-17 
11437.573458197836 381.0891828026403 1969.0873394598736 1.7454350381495634E-51 510.1414896459424 148.09182476067977 264.0574347034061 80.307265617643 7.158325186021883E-21 4.003328475852831 12.622461471978328 7.36403212472284 0.3659703431195962 0.10373407932112903 0.07802839257027029 
7299.795676624846 8.320760593886913E-23 6749.947089258538 7.225209287549696E-86 4.0486024088332225E-79 3.2520193932814903 8.955292851322345E-7 22.97021481153332 67.19885305313048 1.5171676767600887E-51 7.783963905927408E-14 4.0992748591267035E-24 1.0641878808276568E-121 2.1894027320589834E-51 1.314918113547424E-79 
227.6024078062587 8521.334088353453 3546.211951731095 1409.9254925226128 3.6978391133728993E-60 1.8468756084422308E-5 138.96079612566052 89.01737893455105 5.983990842326844E-17 4.437528848649764 13.99149164519697 2.628243236881692 0.13690038430995385 0.268602088415553 0.07791785456665462 
598.7377514435099 10548.695491231036 3208.895285717528 441.5815932722551 550.9482229882437 243.0344748959119 154.073021057638 2.4117237957648454E-71 2.3975292070792527E-16 3.0221304121554877E-46 14.20063345018062 3.067740857350336E-23 0.1370477902938871 0.24906760815323875 5.047687831223673E-74 
435.3950932226503 165.15399338503522 93.87855256343384 135.33267372834442 46.56750162637494 3.4438236821077047E-34 2.1924483833497143E-68 0.8915711581317115 6.9062874378529955 0.31364912545661017 2.895875505541926 9.537527525560803 0.0833542439157547 3.180108028175948 0.07799149314712144 
6337.3193256845125 4108.0962432067145 1853.753908986515 1018.9290369286657 75.92958492607394 152.69116824500162 99.40122170996806 19.36967619197942 3.766201540733513E-27 31.162373008384392 1.2754966690336009E-45 0.9917917576057973 5.594451050428462 2.919492940071139E-85 0.02680477198720434 
15215.613043399488 5.552583271314391E-55 2718.312304342646 1494.1397155836519 793.0067366431531 257.0807041146667 160.08252205279277 96.90416127935612 34.74133599633455 1.4836365556716785E-18 1.059279779532221E-16 1.1875802384697787 1.2275380242146667 0.2705311897532595 0.1236522567829138 
2386.770151695236 1410.5601419185195 1158.7364057661932 2375.5878550530806 722.0566865183513 231.39392303561442 130.67305712375295 1.3976087577335298E-27 32.21554106439847 3.859721592504223 1.4698710292038772E-60 9.145776790987915 2.848626313442866E-37 0.21338431233010677 0.12311829060001855 
2575.4073068741923 1247.0446312136082 617.1054082280251 53.37736350410284 8.706491153563386E-177 4.4348149971733694E-14 30.646575868743327 16.14887238319957 10.108493149152244 2.0018043580579416E-54 1.7586306903908855 6.362416180313931E-31 0.42719849139758576 1.4617265173836694E-179 1.9728991393828879 
9.571642742167985E-4 5.703780916824938E-5 3.982933710346171E-24 1.2859216650406862E-58 1448.12117130783 2.4592200247842323E-27 1.9305409450556455E-62 4.562266265757916E-64 4.630912855804422E-11 45.255881434839715 1.4731064512427151E-62 5.286864921437885E-26 1.0240436506863592E-121 1.2536639053222008E-99 6.188411706554328E-49 
8.2686923049547E-5 4.6362133335487766E-5 5792.937614418544 1.9310102560144926E-44 2.0810487168809914E-39 2.8824128755726017E-12 5.182544014230891E-54 2.1189153307451334E-89 7.198915478953231E-27 5.754777615716489E-57 7.451544583765374E-18 11.313085696470413 1.8777124219089724E-32 1.4599042101493222E-41 4.072385918687266E-90 
7.952614400460117E-6 5.954495186004293E-4 5.542936349221819E-25 8.068772724275686E-6 1.7092495660764243E-45 4.510110124658666E-36 362.41585295264514 7.419361609401665E-61 1.7943825397856354E-15 9.010298944622219E-55 4.25330916862346E-72 4.402131393663535E-15 5.650954657587665 1.1314816939752608E-63 2.5818743379107894E-23 
3.535225758146175E-4 1.2527938187146878E-117 5.947287827383754E-78 4.842054667058688E-73 1448.0310299011526 2.5836099392832864E-10 3.637972650460732E-90 181.03479204652217 3.007346408656697E-20 4.881931985102078E-49 6.000029059199737E-59 2.9304908139311974E-12 2.447004320389212E-65 1.571047405833911E-48 3.671348002118426E-47 
4.911491201262108E-4 6.024020793968518E-83 6.058439171636335E-29 2896.1174196874085 5.584593099349032E-144 8.80089965307105E-84 5.888263988728504E-129 2.2455216978115775E-46 2.4464644938026567E-37 5.1510901239440474E-27 3.422085083524234E-19 2.0437067129440132E-16 4.788297130573481E-37 2.828614573650266 1.0956186571558358E-91 
2381.269285313355 15928.89837940445 440.1506838939522 99.83234563057216 94.51441052922813 6.008629799572214E-13 62.859613191985225 22.648851212643805 6.967476165562335 4.051512749009043 2.152642674105971E-44 1.3552000444694396 0.4170590938529546 0.2751517509931939 0.02673880212760504 
6.6107102349664575E-6 9.235300360551974E-6 1.3889886114913456E-6 6.152867769291767E-7 1448.1546111116734 6.897868098183877E-32 4.796734525564793E-66 5.374200981144401E-78 8.837403333267662E-37 7.474931672972745E-42 22.627418968212325 6.362426827552614E-23 1.0836478137965445E-137 1.594938812475607E-93 5.489495452236197E-80 
8.998817290703441E-6 2.999217079806724E-162 1.6946172380140073E-6 8.66800395865328E-50 1448.0588086530786 2.3430108104370012E-11 9.440330725205318E-103 1.0428296921399713E-97 7.229775896045946E-37 9.324496497162469E-49 6.217052255351345E-56 1.8791212718325975E-22 4.6914087376602887E-66 2.8286143785486977 4.438522992518151E-47 
2225.7332240802757 764.238380087135 476.7029120622221 321.8078494419194 2013.5694641603902 67.10941093564584 16.676445032871232 9.20486961904682 7.453166065622143 4.8185884682208515 3.1509386368544685E-20 0.9897165293566619 5.626714240404741E-56 0.33891062096755725 0.06355427805635742 
4.297722011143225E-6 3.0377963006928615E-7 1.6179328706003806E-30 3.6126418149280807E-6 1.576223297276833E-153 1.0317067932580432E-14 362.0075505983947 181.03489544800877 2.74163508689149E-29 7.570647553607251E-53 6.485065452555661E-12 1.738214886997826E-14 3.6686849879950086E-31 1.96055007802E-88 2.512210087879419E-101 
9.155213535946537E-5 5.931812487965403E-100 1.3081819187299636E-29 1.4238510954495226E-108 7.835033387580846E-64 724.0566778577013 1.1008060371846683E-73 1.9209194305720755E-25 1.901643428879576E-16 45.25612562259624 2.2165316893404868E-17 6.93426271894576E-44 5.216184030243056E-56 5.733598623675712E-36 5.032023428454537E-85 
1.710920972488275E-8 5.896737468253508E-6 4.052781066059624E-98 1.5098449173997906E-6 1.4024225097037686E-191 724.0717346810369 8.301072475907295E-37 1.643894820078396E-10 90.5103692037005 4.811138429748127E-15 5.3910549802148363E-17 3.1210722335766527E-24 2.829264328398145E-267 2.928466966455351E-46 1.2394515901640978E-40 
3.151311332195302E-6 1.1005748519397568E-64 1.2867626863698678E-31 5.063406357231146E-8 3.069266269909781E-129 4.420924275694192E-24 5.292575882550477E-51 5.296395577948732E-36 5.693431491955522E-31 45.25442296540658 2.0946495431690367E-10 1.0158860111879228E-23 6.856628031421129E-54 1.2756554667269616E-87 1.4142264080785811 
9.346256799251838E-5 11584.807766592485 1.960957502578254E-79 1.2615113806402868E-89 9.005018824017278E-86 1.4891118960586362E-19 362.0521011441137 1.6060139318867721E-55 1.016958431714843E-16 8.727203231731526E-37 8.383243701788068E-18 6.4103714113591735E-81 4.987881822256845E-32 4.140431693114421E-62 8.358624304353202E-109 
1.0916207036381662E-4 3.0332018627592107E-7 1.9844571970938842E-76 2.92985339579973E-6 1.8674533996485803E-6 5.598868563584085E-17 1.7973242378854877E-6 181.03759557233892 7.08395711810276E-17 2.327480872413062E-48 4.184970047936356E-60 4.18358734728268E-52 7.874899760373958E-33 3.1535667703104678E-58 1.4143510514459035 
23172.657813353202 6.030192555960503E-8 5792.073003838524 4.4833273655556404E-45 1.697416611008122E-122 1.3941450900285536E-28 4.2845901698876183E-76 2.236439007886001E-91 4.601702440363826E-18 2.0904755847078045E-55 2.1885696496946737E-26 6.793997207701167E-24 5.600969696193642E-87 4.537612282500999E-52 2.76249309951819E-101 
1.6552827649666517E-5 6.024623746397613E-76 1.0966711527626413E-78 4.903864144918375E-6 6.470406354730552E-8 724.077349660543 4.8720864454200184E-51 5.7112095911559254E-30 5.493485709767356E-37 3.2735138684171204E-49 22.627416834992136 1.2826244774519208E-27 5.548885313960903E-112 6.565073131299431E-120 3.264020859131905E-17 
7.459736793003015E-4 2.8371101690526506E-62 1.4657480560034088E-92 1.1711642887068117E-5 1449.2412618106039 723.5336495869766 1.872758214894329E-52 2.2194256632750694E-85 6.800361554590568E-21 7.571484502772969E-53 1.0838546886869583E-14 1.0304629804332039E-24 1.1967180520367928E-53 8.323072780471338E-69 1.276438745451149E-85 
1.5792278259289601E-4 7.186938499024305E-7 7.938121050754382E-28 1.5181653275704522E-5 1469.8979174768317 5.354701091748829E-19 1.8951971317893833E-136 1.0802251585907924E-15 1.4843434544578243E-15 1.0468010227380731E-28 1.3136317554416365E-17 4.3557639815189745E-25 5.735928464702565 1.536100877524432E-60 1.958179510078557E-49 
6.088920502301998E-4 2.4240666650866604E-118 1.2609915535688202E-4 2.3550213960852778E-73 8.220701051788003E-5 8.099819335637723E-38 3.8219092657554177E-104 1.828371619686476E-70 90.50363906369532 6.1575251779795394E-49 2.9032252741594196E-18 2.915078509943552E-23 1.0594446737604822E-55 2.8286155186264237 4.943515890067205E-24 
1684.5111092044606 815.6614797768448 403.6335972704615 180.7759668425365 93.31515738347606 32.64203250772015 25.762286866369553 13.575150603650124 8.497455030883032 1.6827673781081414E-54 1.4783494421006367 1.0162737891327238 0.3875842292971899 0.32562341743326884 1.9728242232861657 
2016.7630347158574 1126.8265433906865 524.9783230588831 271.55705361217935 121.70114357625354 64.27249634258457 502.36215685205616 14.029742384477908 8.262648912639996 4.230320481339584 4.849686798050868E-45 0.8955179776858304 0.28729950203978566 0.34010569606855656 0.08043808358594845 
1.3543668148378735E-7 1.1425991239748033E-61 8.648632159777866E-31 5.269146096350211E-54 2.455859162712725E-13 1.3610504125005826E-19 1.969152953049595E-89 7.236631034767448E-103 9.560778625868238E-44 2.290440709726009E-43 2.6630814730775093E-29 1.2571611361849107E-33 8.00000000289801 4.483709720922168E-39 3.872643566459647E-84 
4.5838053777295923E-4 7.067390986467941E-4 7.124382570953849E-93 6.092004570980621E-47 1.8756681034265966E-116 4.3800474092570814E-40 1.7108280995800872E-13 1.5432407629446217E-77 90.50897374425647 3.305190392602037E-29 1.5006538443945835E-15 1.3387948116488844E-24 5.338748838715914E-47 2.5811683036000253E-91 1.4142244115744804 
0.00173362565301983 3.3125458551195685E-56 9.873692373676932E-5 3.2148612971264054E-43 5.0544309242084564E-172 8.640565609646256E-21 1.0122899957734248E-46 181.01933549210906 2.1629504700986123E-37 7.968315588991702E-42 22.627417085082108 9.339002033727938E-25 1.1512612008012937E-50 0.0 2.0887982419207936E-63 
1661.1315815884914 981.7141369086421 806.4511938811685 329.61475954835686 177.58910305179114 56.91109854778082 32.1389046607118 21.20098457461687 8.628820076123162 1.0338129382669852 1.675479109481029E-58 1.4319210130670963 7.737602830399429 0.2682995931511852 0.12252676610875307 
6.730366540802722E-6 3.994619897296645E-79 1.0686344026288349E-50 2.1422824834260182E-72 1.7294620978311586E-57 1.9890886021040798E-7 6.661842190667927E-62 1.3742922857353233E-97 1.3353445713478157E-23 9.717420896695444E-64 2.657235725666885E-27 11.319629042248287 5.653892432063504 1.4521644129735216E-52 7.311441380346155E-50 
1.2311800784367721E-5 3.424205474052111E-85 1.7093328603843505E-93 2897.343612066883 6.474716647330961E-205 1.4531969158135449E-11 3.620092938380308E-86 8.063539294042354E-97 7.328682372098958E-20 45.238668436737896 5.253011059821104E-61 1.911369711405545E-24 3.9242966346902705E-72 1.0776903595260913E-105 5.786326340422291E-23 
1775.5103389385504 642.7693563638034 391.1009840032633 261.6336968756851 126.02393676976985 51.41797431638045 24.89172000135049 14.884720450293594 126.38291193525674 3.90934470772617 1.6512142894814998E-33 0.9974341610198865 1.0947598914792495E-16 0.20083066908371147 0.06359193969391407 
23182.33178895635 1.5106062969479807E-68 1.0324302181869996E-10 6.656092386222737E-92 5.52801576401075E-172 2.9016517053211604E-17 5.2096924490462466E-8 1.4229140352426001E-68 7.583431400864839E-28 6.791724873779667E-53 7.199791530029056E-58 2.153449494833613E-15 5.6539580514804 7.521030839504862E-82 1.2862388380887787E-96 
1.2762570172133695E-7 6.884323445489989E-6 1.3775028615031043E-74 9.935091301480702E-87 3.8086438851400096E-178 6.608580646888297E-23 1.071310231329417E-161 181.012470320164 1.3656971591181887E-37 45.25655037559636 4.5104541391236425E-13 2.569893739897862E-13 6.146643297403233E-62 1.967485162761799E-66 3.591779507452747E-118 
5.325948280708416E-7 4.0991360119659903E-94 8192.000003213358 2.7551440092567197E-58 7.164338269105855E-86 9.353181880219426E-14 5.8083604253334986E-67 3.643130906696639E-84 5.440249331273047E-17 5.656102139786691E-54 1.9981210108623202E-45 3.981149774081178E-25 5.955453342019351E-48 8.908979005738897E-106 5.39627418013923E-59 
0.10802971106636688 0.011043086049031389 5.312681170567619E-85 2.059240508645907E-41 1448.0643018923472 1.2972984629353125E-19 362.06126743242316 6.047041043492961E-69 7.339591271631528E-17 7.769587485074456E-37 2.3139689240769134E-15 1.6694388867038957E-82 2.402585393475224E-60 2.5292753747287247E-100 5.715443810571104E-109 
1551.7447029604677 826.6673989678659 390.29726936303 175.98602109773933 113.58433450870531 36.37614010239979 26.422176294242295 13.50613143054332 7.336803580392767 4.516105790100744 2.1077289187786298E-79 0.2283814209413372 0.36637645866397234 3.9654391109314813 0.06698693055757508 
2.783185106938285E-7 2.0921058921472685E-119 7.493147837060675E-51 5.2369654598148355E-56 3.1832649098669692E-170 1.6662465649706164E-55 512.0338538896098 3.005611897968562E-82 1.0821354717217224E-27 2.5002154026138304E-14 2.7940500783575266E-17 2.0693654242018194E-33 6.986784312638644E-72 3.61033887729708E-89 2.075725137298403E-90 
5.40070762584152E-10 1.6488802649618635E-12 6.052795422401516E-11 3.3483040455785185E-58 6.424867341526086E-231 2.0052236702062208E-20 1.273253024867159E-128 2.97115601341252E-28 131.34175062784652 7.062776348154158E-55 5.616667898996886E-91 3.843386388851676E-15 3.3758864010638087E-65 1.3047341037722685E-57 4.300593786917938E-50 
23172.21641038376 8.21693960994272E-53 1.2720836560568372E-20 1.3806233699266294E-42 1448.0458436596555 6.112521941481475E-10 1.5487409540216453E-86 6.047047874952307E-90 1.5759580561270258E-22 1.1862712104132176E-18 5.510787774235281E-15 1.1085002557751634E-46 2.107599972107138E-75 2.441496494057814E-53 3.6087987731501326E-54 
7.059513143996367E-5 1.386933341540162E-4 9.938605878934611E-83 2.377996444583954E-53 1448.238737874141 1.2354935690629103E-28 2.998158834818863E-6 4.849852765748819E-11 2.2425949559132374E-26 1.6841882015762762E-25 5.5247998270177E-28 11.313051835246048 3.4320141995478084E-51 1.4267179055323842E-85 7.737814951652488E-85 
2.961940653278776E-8 1.7289205883970098E-8 2.3267560210679584E-33 2.8335716605938674E-9 2048.001490315801 1.6806896781543778E-30 1.26771073364119E-84 1.114390597114922E-92 8.35605218907366E-21 3.615435949449129E-52 1.001683580888671E-17 4.0966112031483835E-23 2.0218687741093145E-44 1.9182123218569888E-50 6.894650932947689E-85 
6.460294112001095E-8 1.801992176408298E-69 5.973679999933635E-8 5.621494039692027E-97 3.582999232070546E-90 2.8780259981528092E-11 7.925403427920698E-18 2.0328561246382866E-10 5.947075424350625E-10 1.342688185160733E-62 22.62868413716689 11.313074907090765 2.835950130935379E-53 2.1761386817119054E-51 1.3069519500796476E-79 
2.773021313034086E-5 3.110391059409634E-13 1.3162595115577503E-69 2.097190729210004E-56 4.267675663260472E-133 4.082712733346133E-49 8.041916944710468E-15 8.717232067563954E-103 2.005321131603373E-38 5.417674154648068E-51 5.126367174884861E-6 1.0757933937287372E-53 5.658367875037682 5.938377089433289E-43 1.4143392183440775 
4.3373855910193605E-4 2.2262076959274945E-4 1.9235755973726372E-28 1.3801136970276385E-4 1448.1515425154707 4.211048055078408E-14 1.0548590382820212E-76 4.95438094411249E-70 90.50986467594211 1.2498496555751863E-42 1.5272996685584994E-72 1.0679674347702757E-24 0.0 2.2554280373979957E-48 4.529091310791935E-82 
2026.6996523680846 1079.6922017479594 531.2333247830859 231.55987484139203 100.39813909293316 58.032758377012414 32.932985919505654 250.55361007064718 8.268229852248144 4.804956998390336 2.0289665394710345E-79 1.3140625602502307 1.985825354822017E-15 0.20066220511038554 0.06666402515448877 
1.31446072129464E-8 1.0800891038004323E-60 1.3649169308130959E-101 5.554296265672825E-53 3.2463063912670135E-122 2.3444142637231506E-16 1.8776544317627368E-81 1.5440642592877496E-118 3.807328326923998E-23 64.01081715509417 4.175598124346937E-50 2.7668537319296787E-47 1.5600005206243982E-33 6.2549176535532455E-68 1.9488459642407427E-44 
1.047019049624906E-4 11580.553622969876 2.823757320533908E-83 2.3676406380532184E-58 2.1875176024792098E-123 724.3699686569963 8.613632893005435E-54 3.924504253409445E-71 3.2471146211270037E-32 9.070351204742133E-29 7.451195615519072E-17 1.995290626835093E-26 8.799112547975227E-55 6.518497113125758E-87 3.842162441796705E-74 
2.679760425874328E-8 2.0988804080474444E-19 9.136911017344926E-31 1.3634787504217511E-99 9.752792680565463E-97 1.7865068999723413E-29 2.9432549957427126E-113 1.32658638298654E-11 2.4823121254146309E-29 1.1286814786582184E-12 32.00000001194675 4.337188988430338E-15 1.644302707403568E-42 1.3762729321738567E-106 6.163991464120245E-80 
3.4958159827021463E-4 4.8405507675464596E-5 4.501823532648495E-27 2896.4710698364456 8.828291058929221E-76 7.091434571588046E-14 1.4915256432962676E-86 1.7800974642185455E-55 7.253290624392171E-17 1.2528240022425287E-57 6.267665411234277E-18 11.313076860105157 7.2332439034730065E-62 6.10283333315094E-61 6.110432081022569E-106 
1.8075519815391834E-7 9.750208866723662E-6 1.5171121744817549E-74 5.824147512779E-87 5.394150009528191E-178 2.608594268691692E-21 1.517287588130805E-161 256.3664254124248 1.9342252954161904E-37 1.2275774662856043E-43 4.089228188147183E-13 2.5397589255910665E-13 6.155441288820652E-62 1.846914955508213E-60 3.5969205972721575E-118 
8.37179120637504E-6 3.732368173299353E-17 2.68494831020511E-120 7.317597233644649E-68 1.2882397286065925E-87 723.876848774751 2.3092338429575E-86 181.06944622738732 3.417787541337204E-20 1.6758711577081975E-55 1.892091089821662E-11 4.410206861464974E-25 3.113999157613147E-226 9.864429940144977E-48 1.4838541742916902E-45 
4.886818861910633E-5 11584.907428536024 2.266632000520575E-66 4.984546364998137E-41 3.598180936685761E-240 5.333751140773101E-9 1.1824701100145889E-73 2.1676802409919227E-16 1.6729497745879973E-20 45.256123346631895 6.259973782255441E-17 3.3808153654458622E-15 3.581424270930252E-51 3.428002840603933E-46 6.929507963660547E-82 
2.092559559393953E-6 3.9557297083665855E-18 7.9032768718797E-100 1.617571319729158E-7 3.6328513833228134E-41 1024.3469306882955 1.0865244501700733E-86 4.0365952207139365E-26 1.8540020293461186E-20 2.1438002256947107E-57 3.9058898963060975E-73 3.079346823841997E-15 7.1511535431676E-95 8.862655130923934E-52 2.3879183042573513E-82 
0.08629091928651669 0.011767699302302691 7.355404974422358E-23 1.8989533502613317E-49 5.78567776324177E-51 1.723944766384264E-42 1.5076404182559357E-50 181.0294633075763 6.432923188160186E-35 2.247655278582511E-43 4.236181233107546E-10 11.313075513671567 6.006992225822193E-99 4.0761016567951795E-53 2.2084537028313898E-42 
0.011527324528445246 0.3425644293287979 5798.710504047944 1.1553318576755677E-55 3.3607071737619765E-103 6.474000632843109E-19 1.2009892579470474E-155 5.52533114736288E-61 4.568381181968853E-20 4.828024358650626E-18 8.880654754368173E-18 4.333347832974064E-25 5.650899016123 7.876895446151424E-70 1.8391324287102965E-48 
23169.615533095166 1.1939490114726512E-67 2.0504131829101643E-79 2.3212133443911398E-97 9.005018823982374E-86 1.4891118960528644E-19 362.0521011427104 1.6060139318805472E-55 9.134308650981927E-17 7.4121382633355185E-37 1.1210614977154354E-11 5.35827305260399E-34 8.172662061144835E-32 4.267046785464896E-62 6.387529007462996E-127 
7.4705482692847364E-6 2.602699847872599E-17 1.4278277123824548E-31 1.1962837496523856E-7 4.771966948074456E-132 724.0763106525185 8.945324933957234E-52 2.343417461614857E-101 1.4754949272721175E-17 4.37177254143856E-42 9.265059159297015E-27 2.2079334787871377E-25 4.458363365935162E-88 3.003255577273146E-52 1.414215581520627 
5.382533939219714E-4 1.985322924002401E-4 9.063330454235042E-103 2896.294008882642 8.409578804011386E-117 2.050373190463844E-12 1.3959159311873917E-86 9.201081294359133E-90 90.5101483175451 3.5179981904310747E-28 4.68608867894537E-28 1.2841816238294619E-25 1.8940689825282295E-54 1.3591868056249376E-42 6.706786764467722E-83 
6.248384747866003E-7 6.919277242136123E-7 1.0963417435035144E-83 4111.551689104567 4.5026378317143125E-139 1.3444072779619754E-35 4.25165316982081E-90 2.7202617282142586E-15 1.4097297928937784E-25 1.2462229297805787E-36 3.415860987537247E-60 6.600534935765697E-23 7.353676858560337E-63 2.5920166467006277E-96 1.439771934719378E-87 
23171.751193998796 6.265831808582186E-50 3.7095239334352933E-72 1.9354532997996816E-67 3.3319524724733195E-71 3.754305308210686E-42 1.1827172144754307E-8 4.110076354475081E-66 4.690543872472936E-16 4.422705302116126E-49 1.808704666781106E-8 11.313085339713083 7.599374527016551E-45 5.590489881975727E-57 4.544117809018109E-98 
5.220300226016343E-6 3.5503713782759166E-18 6.596627257666986E-29 2896.0958935411136 2.7464984192042005E-105 2.495608841977527E-14 1.2054201568555848E-208 181.0326777742662 4.24359682216204E-17 1.563467561772906E-39 2.573678135659893E-69 5.516717221475649E-25 6.176353713688179E-88 1.232774983899188E-59 7.750303541262331E-86 
7.719629807368532E-7 4.0211655279983467E-7 1.7978123582543354E-75 1.0201467467501853E-47 6.378397718953841E-108 8.442934169771394E-20 2.288434320517877E-97 4.078819974586927E-9 3.0912333054438724E-8 3.7383043844284696E-49 1.6073759019066469E-21 2.208729693710886E-32 8.598293265167609E-87 1.3592424014729005E-70 2.001668617474574 
2.097474521913226E-5 1.0146590474188234E-5 4.186743348380165E-26 2.7699773103385966E-63 1.6974830756952224E-103 8.844174337238969E-15 362.167562053915 1.786699470717763E-14 6.506634891290934E-14 45.238717034451454 1.0919579000779495E-11 2.9469261871419094E-50 1.0344286586843629E-66 2.857454285175006E-86 1.425205808283807E-57 
9.885330872972966E-4 0.0032139003748029903 5798.151393267029 3.246128630368004E-54 5.459113932871985E-126 3.3955338509084116E-14 1.5720357018695101E-55 1.8177709564817934E-26 1.7614034976246393E-10 1.3011241264761689E-54 8.10397205133158E-18 2.405641701395232E-24 7.079869188441163E-23 5.951904504983678E-57 1.4155660661310592 
3.766695438957764E-7 8.967857336336426E-73 5793.666671494868 3.520299773410237E-100 1.1679163785075917E-79 7.289458250413981E-14 3.010752629150095E-45 181.02746868360643 6.153761628306287E-17 2.3398222670233568E-55 5.204966897388164E-112 2.193172450755035E-25 5.085385057261371E-143 8.70939725090621E-101 1.2224761725263442E-58 
9.525776437786609E-8 1.3467548807258995E-8 1.279518473760205E-112 6.078978934189443E-47 1.9045214187168955E-210 2.5344953415636287E-17 3.2994811744165245E-18 5.579251579015107E-68 2.460658593900309E-25 45.25184072466944 3.231983543545903E-11 1.5099794794740291E-24 2.1059299606690853E-55 2.828614193721653 2.7556639798529197E-57 
1.386097749859729E-5 11584.474883433204 6.532663125617491E-11 6.927592920808774E-92 5.117650946082448E-172 4.244705297360577E-27 3.917147527539356E-7 1.2524994434353504E-68 6.956258162642076E-17 4.091204340491868E-46 1.1402996449050846E-27 9.913643660050492E-24 6.286257564846917E-138 2.8286133022862154 4.1793389946082333E-75 
6.326200460449635E-4 7.263401501871909E-70 4.640925746429123E-26 3.764434327996318E-4 6.2927957802781354E-105 5.118943602676584E-27 3.264724182214807E-59 2.3302989514614397E-48 5.278396525847838E-24 8.360256985649154E-11 7.09884356789537E-17 11.319520331376717 3.203944201207801E-134 2.8302526618475605 1.992872036554611E-59 
0.014741624488446094 8.307497326339655E-4 3.8400478696236794E-91 1.251274830566148E-63 1448.185844388853 3.9584167704538397E-11 4.536568039563495E-44 1.3796733809981635E-94 2.1818580153056454E-12 2.7453618013346947E-29 4.719896771590739E-16 2.7033686528527288E-24 4.191613403709462E-120 5.436078965796307E-43 1.414183137565853 
5.30891892379714E-7 16671.4221336438 2.7549516709084564E-98 1.4301130538135994E-46 1.642010361083607E-107 2.088763590050717E-18 3.559779529564145E-109 5.382682117366747E-37 4.8068540148444066E-29 6.569054029030616E-64 4.3054186642531496E-19 3.2118845701575083E-25 1.5302868165023395E-66 3.1988455858707263E-56 1.0818053170146688E-98 
2.1853112699594467E-6 2.519402346541782E-115 1.8383106573715155E-31 3.437470039280013E-7 3.28473967669166E-8 725.6872994504905 5.906914634111062E-134 2.1129986429243802E-16 1.2012593307139656E-35 1.6328860620258736E-30 2.767084672081515E-73 3.1484094878828252E-25 5.663471767052896 5.037101836574638E-52 2.3911599499579204E-82 
1.7047093463438672E-7 3.940244480370819E-7 9.835686326597784E-90 8.37267188857842E-69 4.201525252306881E-45 1.4109851965673386E-5 2.2053955680793362E-83 7.91976226912946E-32 6.419442605238838E-38 3.608688302611723E-38 22.63374718420149 1.6441814942891177E-16 5.655271266442877 2.932801975342487E-70 2.6416879551227243E-81 
23170.352072463545 2.245272129160592E-63 3.139667237205054E-95 2.2466070265806113E-91 9.096511663108976E-86 2.0503731905879433E-12 1.3959159312718799E-86 1.4196573924311897E-55 90.51014832302326 3.517998190644003E-28 9.71704224209893E-12 1.2841816239071873E-25 1.1634910451054238E-54 1.359186805707203E-42 1.530095689900813E-128 
1.7191324592325685E-9 5.768161341036586E-81 1.4269274267825698E-30 2.648280922395452E-111 2.733974477702145E-110 3.0656234715388856E-33 1.698194016583021E-55 6.124249322289175E-79 2.3306218521565684E-39 3.203499507019704E-63 1.1045405661167835E-30 1.3736763108874335E-39 5.28840167533668E-75 4.000000002255922 4.809720218394754E-49 
1.496805238605101E-5 9.646599302907366E-8 1.0880577873438366E-26 8.633296099891218E-57 1.6165423678054751E-7 724.0291959878108 7.2880820213897145E-9 6.277791994426523E-77 1.3542030203887902E-33 4.209675575550869E-32 3.231094080062005E-11 1.0015980198227084E-24 8.664813026123643E-53 2.828615194097443 1.8225181472629354E-78 
0.0010376332747688204 2.725929811550676E-6 5.563741528846663E-119 1.1829029083366556E-51 6.945315010769712E-54 1.3786539947407682E-19 2.872070876502721E-133 181.1140456487611 1.6061660785255744E-18 3.537136637926741E-57 3.852406316757302E-10 2.2612539723699967E-25 5.653893029007276 2.0040999072318708E-60 2.3774006436000605E-163 
1.26593267550328E-5 4.2371984631231335E-67 7.20810898736243E-7 1.012239571631634E-8 4.553417077467932E-139 6.699963334710912E-39 1.949144926732747E-15 4.230947547287687E-22 90.51486730731058 4.823630615652209E-44 7.457372941464619E-18 11.313058562276746 2.1737262267253676E-55 3.152122750516096E-52 7.282551188057869E-63 
3.660546112474024E-4 4.6414921642554585E-5 1.4076349721440092E-26 2896.53539884664 1448.041669305835 2.025953225604141E-17 1.5939475885602284E-109 2.595489272547788E-68 1.031292842630154E-13 8.23561278147163E-52 1.2588239323178087E-68 2.982274144101698E-36 1.42575505283455E-54 8.785909980953818E-111 2.5072922752475592E-166 
23169.938653652396 7.56732870415151E-70 2.925492577424723E-93 1.4370311239901625E-40 1.2958789543650643E-79 6.025073266717994E-18 1.642616596040953E-73 1.1926156539269474E-94 9.693658109210673E-18 45.25588156811914 4.182071488477564E-87 1.6710869674497174E-23 8.431731655066034E-51 6.285567959442451E-64 1.2087232315446548E-182 
23168.89269764579 11586.028611126232 8.593627480664874E-65 5.015828995104804E-96 5.1915803052242574E-46 9.880536759113547E-16 4.778233589259646E-141 3.4491111271333145E-15 1.6477862377936487E-20 4.601215455534778E-43 9.465437569326549E-73 3.671008593243214E-15 1.8021561139530067E-47 8.089015349245632E-64 1.2554519120871784E-85 
2.199803798015782E-4 4.747990682527664E-77 1.1090341868989606E-4 1.71786837416859E-56 2.0601611709993576E-6 1.2441395207222193E-52 6.988605648368714E-51 6.584756417558579E-8 90.54957504708635 45.24315820519211 1.0871825562555003E-11 7.3790754587382015E-50 3.1389560989884553E-62 1.6931409127033415E-99 5.869994684389883E-58 
5.8364113383477804E-5 2.5572345985803575E-6 5792.231415700844 7.219981136420468E-38 1.2025945018495277E-149 7.846046751491711E-28 7.06977190191506E-143 2.1417474368673687E-91 2.137284327519096E-11 2.150307930186149E-56 1.4383423303451304E-18 1.4964048457954024E-58 8.470179913556133E-31 2.828616246714645 4.581723368089519E-103 
4.9684198084586745E-5 1.3048916609950517E-59 1.5217071675530297E-93 4.1668964301141974E-63 1.0267943283116528E-113 5.175500202436378E-10 2.0459812801223897E-14 1.0919889597374308E-7 4.0128870038394016E-38 1.605880984419609E-50 22.62706790537108 4.596067859724464E-23 9.665746253846897E-138 2.518775626968091E-101 1.4142353851509437 
0.0013888109407503126 9.832183656331327E-5 6.200943072216137E-70 4.0684632181051776E-5 5.973343610470646E-104 4.5619875857455096E-5 1.1960921203276558E-59 1.7707883189669647E-92 4.500878325928802E-36 6.62769536857874E-60 1.4237589195248077E-24 8.54788906650342E-24 5.656481678587242 2.8286134012074187 6.555288853887426E-85 
6.453266508608552E-4 1.964709198322296E-6 5.565368772432993E-100 2.4498769881276517E-43 5.514741972720481E-54 4.0615082098026894E-18 8.349670787426052E-7 1.0550637234588991E-95 90.54080521758394 7.068848106427212E-26 4.218241181306417E-82 2.7635355946599953E-25 5.654907508697503 1.0241841490113674E-43 1.018861847630419E-76 
4.02567349607578E-5 11585.258340020502 5.410296292433288E-22 1.3683555615636195E-55 7.691685886197641E-141 6.990075683903932E-15 4.904435668893767E-44 1.3568503327708376E-58 8.709989240230633E-18 1.0329154227642147E-38 4.53369177391129E-16 4.284062932947538E-25 2.918048549178128E-51 3.342401564416751E-43 1.4142110198263385 
23156.179269058797 1.92007816909695E-105 6.349952337718538E-17 2898.095243368215 4.433113614435605E-170 3.463670495857371E-20 1.803206489309855E-141 2.9588978927665735E-61 2.1452695006370204E-17 1.0059578498874867E-60 2.3449298799990263E-10 5.0130332068609E-25 3.084847717683328E-114 1.729374845188898E-61 1.0237978430629403E-187 
3.6217594752140303E-4 9.172084800239485E-78 5.1731288431264655E-80 6.618593238920451E-53 4.118585902861353E-138 3.1773740316692642E-6 8.586276433027915E-99 6.130765211107387E-103 90.50964118873492 1.4773409504737726E-46 22.627423716205932 1.1652622652163216E-20 8.852114608361326E-56 1.0320639179388316E-86 2.44194356285963E-63 
23168.60155284278 5.801915324620174E-63 1.5666995066130905E-20 2.11102808708915E-97 7.588687651718033E-69 1.0604276872427507E-13 2.319716468564506E-60 181.03397127899737 1.0678782433967607E-19 4.177404668625818E-18 3.6954915056475456E-16 1.384679168946008E-33 8.152616127026829E-32 4.721351868704745E-57 2.184003354113771E-174 
0.020603488427928345 0.0036272242757794094 1.0495436097216057E-25 2.8858407387964162E-92 5.8290713997095284E-37 3.6581241446205046E-22 2.026198869017466E-116 1.477392279563833E-98 4.795804530832447E-16 45.27872387951185 1.1699933259100043E-16 1.952457205955464E-15 5.653866444457526 6.045868662244785E-87 4.3426735859014374E-95 
8.296917126637534E-6 6.049007274176093E-10 2.1305872552252595E-10 7.445440529235903E-86 9.536551562563746E-59 2.770609380538976E-10 1.5421919830090433E-159 1.014517618050199E-93 9.707085369318589E-21 2.9148712944586165E-23 2.456982371258595E-27 16.000000004909623 7.035273570260433E-72 3.763864004221235E-88 5.596359309375904E-119 
1.276627846423077E-4 11631.704166789492 1.9144831542821652E-24 1.3227357597362912E-201 5.464639734502774E-78 1.6692696883412675E-10 9.550292052722948E-43 5.4425284535924084E-43 91.14140796785259 1.1070773264210667E-26 8.763669355231325E-16 3.872136461744879E-24 3.907755500609766E-31 1.9643323378358207E-62 6.634595577628441E-165 
23167.55654169968 3.684069313015076E-75 1.8609670085645558E-87 8.589316470630904E-111 1.0779425834029697E-44 724.1685353507464 2.9147493162310783E-39 1.4293277333487455E-28 1.1024505467071571E-26 2.8132862697143285E-49 5.7367276418284196E-70 1.8068139545640052E-15 1.0174384700774468E-61 2.948573435929567E-94 4.246265880651734E-46 
9.804432975775065E-5 4.3279780053713216E-5 2.420281806371473E-30 2.381666267499948E-68 3.5252018062481043E-140 9.81693952544038E-37 362.0385718630499 1.2658076459979637E-113 3.168894980863251E-13 4.319255305134617E-13 22.62742327693724 1.2992124880127489E-14 1.9617037673922254E-63 1.3009199226890247E-63 3.6453683399448584E-50 
8.962197580601412E-5 6.609933444236431E-7 5.342879132874766E-6 1.1533666432331972E-5 2.041168290977713E-68 6.373143499511702E-15 1.6586445494271422E-81 181.00735178719344 2.1095946832210403E-17 3.331417813134385E-39 6.011327897133313E-12 1.433789506199208E-24 1.161515454964518E-47 2.8286143680268614 1.41880940741079E-85 
5.350243692421512E-7 1.732434444276183E-83 1.3033681278870585E-12 3.9226923313651655E-97 4.43360315622861E-64 8.318840401865422E-9 1.3152425923782664E-85 2.1916886730363465E-102 1.3712351854677522E-25 2.0914601743813766E-63 22.625920856596338 8.134234247645958E-21 3.271633677789197E-45 2.8286141319779916 4.6147647860380694E-118 
0.02211910767683211 11585.237471785187 1.8411684752140395E-79 1.1848179413400188E-96 8.477004477304393E-88 1.5822508043214722E-13 4.2525043536026635E-139 3.450681943152325E-93 5.29518784211185E-13 1.0533654609513422E-41 22.627417082836374 1.6819968499024357E-23 1.3127294579990447E-45 1.5015869755012578E-227 7.9724321110334E-112 
2985.7859029200818 964.8032255173187 7949.10099992696 241.12052863082312 167.04343375092319 55.349391375012495 26.922910456326754 22.756982375527603 6.895948706251606 4.780954449249043 3.8914971489911625E-44 1.1285874190037146 0.6783543630494796 0.19391689816832317 5.394280426709975E-4 
3.0979442441676764E-5 4.909242607486466E-6 5.904181556537808E-30 6.342891608661806E-53 6.073151958347988E-234 724.117060303226 1.766036939067299E-8 6.900052555391775E-85 4.1068754289309543E-16 2.7803035214307428E-28 4.18664598144731E-11 11.313087909904459 1.8245998703687783E-54 1.4869658099951438E-94 4.643040183194617E-55 
1.401279498808942E-5 2.4754059707861884E-4 1.4967971655339432E-5 2905.311084043249 5.267714619880923E-243 3.455174590054613E-30 9.80476150400384E-96 2.8136742016872225E-121 7.751906179477837E-37 2.8708307306190678E-40 2.6968744480445248E-79 7.364531437471164E-37 5.668489222178419 2.6422962597705985E-100 2.350934051141128E-83 
0.045598363270983905 1.3928923259159094E-4 5792.575677205427 3.461116148221855E-36 5.553983145087538E-39 1.8977615870514297E-19 1.0050126079292906E-57 1.4049429163491664E-70 90.51034109878572 1.6640088830864134E-54 1.858253954220348E-71 2.6840551550370993E-52 2.9354730469330433E-31 1.0768765088039549E-56 2.9430588862808686E-55 
2.4319392164847856E-5 4.4384073119946346E-63 4.682573050089644E-26 9.39844270909693E-87 5.124642946485277E-47 9.79196294763341E-7 362.0145513938656 5.100713423353127E-113 1.3302079418362858E-27 4.2681267739487236E-42 1.869920325873837E-15 2.044993429560374E-27 4.826373280778402E-54 2.8286155574155334 2.2317025653442416E-52 
7.181702721810234E-7 7.171342956154051E-65 2.245138409720198E-31 2.688755225173794E-9 3.567442935689348E-160 1.8599894369372203E-16 3.570687868060585E-78 4.330622530131153E-95 1.76846708796999E-24 45.25731753637288 3.165072691033518E-45 11.313087587082347 2.0824938997757423E-67 3.514530260707672E-91 5.000640994987421E-63 
2237.791515287955 1253.5918318492454 583.3601405944001 301.2974936107212 135.18221080808578 1004.2511165482276 33.04630809332637 3.2133868140557116 6.300219627516295 3.723725562199177 4.8461674977995877E-45 0.8983567572183608 0.2870945221099631 0.33986304043839566 0.08038069332731088 
7.145940401732297E-5 2.3663789195376297E-56 1.906040125994646E-30 7.135602693739014E-67 2.1751571226756626E-12 1.1748071674594661E-23 362.0379278135812 2.5999165772640444E-12 90.50985412826843 1.5374884389444143E-13 3.375841862203923E-12 2.268838875028017E-22 3.923796229200262E-51 6.246962251075207E-51 8.893999292399822E-35 
6.34768378482697E-5 3.5726724377748356E-6 1.1293142263767145E-7 1.4756172815027644E-5 6.979333704684406E-145 3.5456551432100267E-6 3.563416555660743E-16 6.061740715299161E-78 1.2516372471621451E-37 45.25482135121411 22.627423334746947 9.68432352254977E-25 6.63168190335835E-60 1.065832403822591E-43 2.9345128728089143E-82 
6.504664617232675E-5 11587.363179614582 4.04652405602707E-71 1.699024996569786E-55 1447.8889319220261 3.908876589901895E-40 1.7497330898100213E-8 8.257884073310551E-69 5.021487635378799E-17 7.093349277722824E-49 2.0978434682523446E-30 5.682543473291228E-36 3.829540031695959E-45 1.1159655236073216E-70 2.647809459602334E-96 
23170.46815122383 2.1183171693052484E-51 1.1729455456102412E-66 1.1651671765583146E-45 1.4866693851664683E-55 6.957869967541672E-18 3.157697681655708E-57 3.7762159134222646E-95 3.1892009928296616E-36 5.358784148247548E-47 22.627423722951725 1.7321106298976583E-25 8.852114611000359E-56 8.365476559188894E-29 1.2546622565965862E-50 
0.003839155427015456 1.2822775956500013E-4 5792.6187410870125 3.7197162228405787E-65 2.427695248159228E-44 1.771870816439042E-40 1.6932347185640682E-125 1.1901248789575086E-73 1.5169664985521616E-18 3.238939195253749E-44 22.627417067806384 1.885493609753631E-24 1.7767945385800532E-55 3.1233370212653733E-91 3.6262029479862555E-62 
8.263515015974191E-7 5.8108921102726785E-8 9.61832919817423E-12 1.5417386208564325E-85 7.018686134313191E-7 2.7632563359845723E-7 2.2565413804240568E-161 181.01894333384175 90.50986437603763 4.935010611493525E-39 4.82171864671279E-13 3.237299192626868E-25 4.823181123814332E-34 9.321706819060062E-57 3.6051690596599535E-118 
2219.322815478193 1160.5272064649596 572.4118634567029 4029.048075883716 92.19255659321918 67.14632432839818 28.03136544543262 6.196221168953539E-164 9.25208743329927 3.749821372795587 3.153033711537013E-20 0.9872998082862254 5.630388856393472E-56 0.33913195198479906 3.1706941673417036E-64 
2.588959038804021E-4 0.008917645433019993 5822.9367747053375 2.0282892970128334E-40 2.0060580647441264E-135 6.9956943574766685E-46 3.1549843776093278E-99 1.4992568264953498E-71 3.2015229827046563E-13 45.49428369920483 1.0523652246959941E-11 4.013445491189925E-19 2.7625435858526686E-104 1.3505907285083518E-237 2.0305436805138341E-134 
5.121075485749783E-5 11653.453549303827 2.9140453335323847E-19 1.198557299959726E-100 6.098349668172348E-61 5.197413826706863E-9 6.886946321687029E-209 182.1121196932982 2.7083168568380874E-16 6.05965847567229E-56 9.117629368409265E-16 5.710027961549907E-25 7.30406693051613E-88 5.374506422167277E-49 1.966074751743095E-47 
1928.28622367792 1015.5034240027638 498.22024334033296 218.58568122469953 139.55257771413915 58.73221338233413 28.069686570377844 16.562509952889247 8.790079044715025 0.879703245079827 31.46297239825204 0.024521321233695773 9.174601037927778E-15 0.2005626897833383 0.07706407398561933 
1.3002107480605567 2.3232600296115704 1.2341520395770892E-95 0.4981912285466409 0.30168055983071124 0.6038796683182176 7.842531264421578E-123 1.101462531489209E-86 4.1408045498176765E-21 3.809857010273046E-42 7.160798911628153E-156 11.313687763994835 4.407022486973521E-72 1.6478609457679702E-91 1.41421558187937 
23169.396929644354 4.5291372252499565E-63 1.953652586618742E-27 3.339271447003589E-45 2.387700099499457E-77 2.6311302871926615E-9 2.1032779717697857E-63 1.1191003900176722E-118 5.977727720194056E-26 1.416415201436435E-48 2.330471107148932E-15 9.83536138075159E-75 8.061957376465682E-46 2.8286677333431505 2.2026835328688643E-144 
3.3996985992768116E-6 11585.894132382648 3.586428775688335E-137 1.2115676672779831E-91 1.149309059830429E-168 5.008814606563827E-14 2.932708786356238E-60 2.2607360521877522E-72 8.233384820197812E-38 3.690753401131887E-13 1.490944949017788E-55 11.313067237792582 2.646707901568348E-66 5.588268611084346E-49 4.391026428299175E-59 
5.9461830612421866E-5 1.7142019592011102E-6 5790.29264707673 1.8183076613386833E-57 1.758640174383974E-97 724.3679906721355 2.780013712699487E-53 1.8945094211480125E-15 8.875058813699971E-16 3.752595542417046E-53 1.8809435785902778E-16 7.273945942320017E-23 1.2602844518246396E-50 1.1607132786094571E-42 1.5810394090831864E-102 
2.2573795297085403E-4 1.4547115569609898E-6 1.136369341475718E-24 2904.257813603143 0.0 725.8247450748911 3.5745824110507892E-6 6.269898253354111E-42 5.512446343368322E-16 1.0067773486161224E-32 1.0321342677120757E-10 3.200283179590194E-25 1.6578695791458125E-31 6.246027500732164E-54 2.0433239566264229E-78 
32768.00029263724 4.141849138760206E-74 2.5570227154273344E-75 1.6557568616903312E-51 2.8808517162364245E-150 2.5943532707523173E-64 1.1747452873415705E-92 2.1939674934729714E-50 2.310825934757191E-47 1.2066169190102024E-46 2.365958188084334E-62 3.4179263255543855E-55 9.160430896450398E-47 3.0295372706016297E-56 5.536478820326113E-181 
5.02359774912812E-5 3.8249377645018256E-5 5793.087839616449 8.308553936290667E-63 1448.0374143291374 3.096900456445015E-18 6.89954032003611E-146 9.540539425590678E-69 8.231999528310047E-12 1.2321060750271987E-54 1.0031822098918313E-14 6.890890565528539E-38 1.1050141687987803E-30 5.406913299849417E-91 2.035023338587867E-93 
23170.11753278389 1.4941835127484507E-91 2.3092819464703928E-91 1.3989280723866896E-97 2.1096043167191498E-44 0.002791496284856677 9.541388595272582E-6 6.567108343909689E-26 2.76962303133285E-29 2.7268782033763917E-36 2.718147541201145E-17 1.3584394231158683E-59 1.3516045974521594E-179 4.487877639285066E-56 1.4142353850200864 
0.0015092851937432829 6.462932408000631E-5 2.995111248191349E-7 2896.2837104665473 1.3598703294458697E-207 1.9890129927889984E-12 1.7075698225378106E-77 1.1610330220275664E-25 5.560491906887012E-28 1.8287573104395102E-56 1.5893430384340135E-19 4.992802606171587E-27 3.1899538967942898E-56 1.929724292108284E-189 1.414226095747444 
1.0014881405976123E-4 11586.328904455293 5792.07300272808 4.483327364696106E-45 1.227795475053332E-99 6.77765763477214E-29 5.7338194520223786E-154 2.2364390074572355E-91 5.9468356145018594E-18 1.145529733259022E-13 5.467782171841818E-16 1.6125132072416476E-23 9.03362144266424E-46 2.9108652452839935E-42 2.7624930989885704E-101 
7.102878897848506E-6 5.339197438342308E-118 3.003687172512089E-51 1.336509431605877E-54 8.123909939798729E-169 2.393375410950524E-16 362.03849289370646 1.9799813044630567E-14 1.9630301703247333E-27 3.819723855870637E-39 1.3624433191138557E-16 1.4631648546931653E-33 2.4773295130356164E-66 2.552725051367379E-89 1.4142142631094996 
2.4669590869631173E-7 2.888213224962688E-62 2.423878280500817E-8 1.605142350576068E-58 4.5286139704930785E-9 5.456552013602409E-39 362.0592199135226 4.770291430430021E-84 2.184052999026015E-33 4.773682269877914E-13 1.9911956697118058E-17 11.313066351792505 7.318385265159628E-53 2.932623955511676E-90 1.4438985781512734E-86 
0.006300568417265266 1.2540262119997113E-107 5797.39800446192 2893.917778000638 2.643839331862263E-47 6.617267279755575E-19 4.781339473340812E-90 5.629237735662425E-92 6.747270883843312E-12 5.308670244372529E-39 2.003431244468923E-16 3.788753831812577E-33 5.483220200521137E-72 1.6061251580249179E-90 1.643467121020927E-82 
1754.5953827066642 1036.9504203336949 466.64584837439116 209.57077118813024 135.63777943623904 39.37504921848305 24.96202561378636 15.990510669117164 7.4792688404829795 0.8500683697513592 2.6802585174947837 15.66436904151424 0.1369004319383079 0.26860218186361323 0.07791788167468051 
1695.753218106368 1214.732768586824 529.3034924594634 290.9354338783615 156.76144187093817 50.24679745326958 31.28836171931249 18.940059235293603 7.7225771582604485 62.09345634237732 1.755128972907791E-45 1.3647408818275943 0.7327259625830844 0.26784988381963487 0.12242670667122242 
3.973558543177303E-5 1.2400292467185709E-6 5791.725710524384 3.6347062090355584E-52 5.60922647821431E-171 2.482024469423314E-20 362.0944788878407 3.925255784726452E-68 1.366227334466606E-20 5.1931711749749425E-39 1.668431877388039E-17 5.282823516811687E-25 3.7333796668739404E-65 9.403493774109636E-40 7.0239914636193E-151 
0.341154417653326 0.004351359542104773 2.9754665876703156E-92 0.002343260804519341 4.1834859762229836E-172 0.001492328137905029 1.2594908035298645E-124 1.5941151441589974E-88 1.4586197700927863E-22 8.332720212879473E-60 3.275359884629368E-56 4.065693243164007E-20 2.0089514500075514E-75 2.828423097910205 1.4142155767100242 
0.002131106299117225 1.1345140629272071E-4 1.1149259511749865E-29 2896.113295290024 5.229716599303012E-91 3.0717109349996575E-27 362.0631806470866 4.649199330511451E-69 1.3875689771930552E-20 1.0860232213215265E-58 7.307897739850059E-89 4.055558990378066E-25 1.309168402099848E-65 5.2735847335828105E-98 4.764310955102916E-82 
2.645914521903573E-4 2.1846803547573418E-4 2.3628818293166564E-6 2896.3085673186374 1.2773339569196156E-144 1.8469083775753595E-9 2.2808354852416287E-116 4.824012075252216E-75 2.488816537605647E-29 6.688109761019302E-13 22.627423329508236 7.384168122612803E-15 1.6018901348612986E-65 9.43216270419297E-61 7.837022097769938E-134 
1.8371546206722694E-6 11566.25169279643 1.6977905159616033E-18 2.7384353707620854E-96 5.819018833549063E-85 1.0390148084564846E-19 4.611388764456391E-142 1.4904242055535866E-61 1.5152017459428533E-17 1.7356253581810473E-46 2.6442362407655136E-17 1.064183535914459E-26 5.666109501298983 4.490001238446726E-64 1.5716570716288475E-213 
32232.31376237209 1310.831094458221 494.4113330555865 160.68696447330677 88.20758723038355 46.78010164923085 32.13756303381773 2.6076137054778803E-160 2.8903500954887605E-9 3.765340435578354 1.9694723980093605E-19 1.088646091119275 0.26180284975187096 0.26700141756449913 1.7311473263156795E-30 
145.3709916050998 2.580594941280447E-10 1.6877361712295411 2896.251440298489 1.148022645494864E-32 1.737110608717298E-9 9.09220793740757E-87 2.005142199586595E-24 2.9296863348475186E-18 6.472323449985285E-13 22.627423328499855 1.2863672826058609E-16 1.6063923574681562E-65 1.6467741134768194E-60 1.5049903283180063E-76 
32768.000011021584 1.5991909461448902E-66 4.939145861222682E-21 4.33456965303815E-58 9.443136120865355E-48 1.2407753099171305E-18 1.1702110565519254E-52 8.728097972982755E-31 9.416303189446835E-37 3.81192844220113E-39 5.056285645911435E-16 1.5395324156086869E-27 1.7533559255428563E-65 2.3523415437891516E-115 3.5351801825166436E-17 
2.5195351619300758E-6 16384.000005944166 1.41091066150393E-21 2.4259805924257545E-88 6.617170567025353E-50 2.5281798622077416E-19 7.735211467874045E-87 3.2235041874820847E-26 2.4521997604239248E-20 1.9159560646996145E-46 6.489722789467019E-17 2.888140007777116E-26 5.682004253820648E-54 1.0871118391037177E-46 2.3421417158088568E-52 
1.839509611342411E-6 1.3444233630807948E-100 6.294170816437488E-31 4096.0000019221625 2.074455121209578E-80 1.508766434724351E-13 2.5407079503088994E-136 5.032104198024488E-83 1.226752820450873E-18 1.55943420308046E-28 5.617748125844553E-18 8.751123520291304E-15 1.8678220255914223E-66 1.5332607378742322E-60 5.61984410133767E-51 
2.8571306522809398E-8 1.6952203735144683E-8 2.2658258786988978E-33 3.115003647206983E-9 2048.000001140468 3.60699366520632E-30 1.2677098118432503E-84 8.182921366120247E-95 8.356046113088431E-21 3.6154333205359865E-52 1.0016828525286149E-17 4.12388702471663E-23 2.283941045777294E-44 2.5362225991965086E-117 1.5486520647659931E-83 
4.263418559784597E-6 2.069557018523385E-16 7.806767835874712E-30 3.292932108505176E-7 4.949365106465436E-143 1024.0000003637197 2.5075124869960075E-94 2.2488118888566088E-26 7.661051660415926E-14 1.9749493694226406E-50 3.904567032334052E-73 9.481733202317728E-15 6.960595254035059E-100 3.1743401530497676E-86 5.561249079992038E-63 
3.7483648249531896E-7 4.388429835187051E-62 7.928653700666886E-35 3.614262296845907E-97 6.404063828928295E-9 8.335584514279995E-39 512.0000002839122 6.7458279734400235E-84 2.7423880248574383E-33 5.896875919311631E-13 2.8158161079319395E-17 2.0631641750126584E-22 7.307206782073252E-53 3.446271073689491E-47 3.4983502224345026E-130 
1.9473382249175026E-5 5.58109529699627E-79 1.971991740686757E-26 2.178091322127286E-68 1.6796587797840338E-56 6.70430702051928E-29 1.2744629962741035E-265 256.0000001072144 8.145482373883216E-20 1.2033809480832404E-43 8.94353834999171E-16 1.2298710674935299E-25 1.3060653235083244E-30 2.373448017023264E-62 9.597498821081902E-49 
2.286617401638682E-9 6.741543665001895E-12 1.871791751299807E-35 1.293607436503132E-57 1.1625733800147387E-114 1.8257429088977676E-22 4.919175675498372E-128 1.1478974016821564E-27 128.00000004349678 5.207076518204655E-55 1.1651918781962782E-15 7.19561234509654E-15 3.289993147018347E-65 5.459993311256234E-61 7.462742508096413E-135 
2.457291532536382E-8 3.6569120728479893E-13 3.2964768927088254E-31 1.958467789585349E-57 2.3283958131478875E-92 1.3342703882482523E-21 4.2608505744606774E-135 1.909951635499266E-104 1.6656739730720505E-29 64.00000003082422 1.9844733174958284E-17 1.1338736115691807E-22 1.6315141470628906E-174 3.2174013168893985E-110 7.807898270583487E-57 
2.685041525080244E-8 1.5920379519787857E-19 5.856090287671143E-33 1.3366354934225806E-93 9.772012856064546E-97 8.440619402539048E-42 6.605453779364927E-55 1.7487210171067462E-12 2.4823121254141197E-29 1.1286814786579862E-12 32.000000011940166 4.337188988429445E-15 4.5826087224582367E-122 1.4841816208387266E-50 6.1639914641189764E-80 
7.074072540920768E-10 7.834206068343609E-10 1.4269274266874418E-30 1.6620962597747728E-108 1.9699863181306048E-81 7.290383143432626E-18 1.6981940164698244E-55 2.9630419239558515E-82 3.544107925021081E-33 7.416691316100047E-68 5.328777042495894E-30 3.2428054450054184E-50 1.4776964817776489E-239 4.000000001989293 3.2580931030989354E-77 
5.195527123578001E-6 2.6181820044507394E-6 7.528349800365914E-75 6.750373097550041E-47 1.1725762492167996E-47 9.738513388428028E-24 2.0371253574665396E-96 2.4231073301830603E-8 2.0704515717127676E-36 3.735188085691682E-49 1.6060359726292131E-21 2.206888468158711E-32 8.591125617034839E-87 2.564056897719494E-65 2.000000000705408 
0.0017881987193372024 2.0747245889948995E-70 1.6423080411543134E-101 3.1277172729019084E-4 8.021271764092606E-59 1.039333168895348E-26 5.998658577488086E-38 6.64130070023355E-33 5.290183363310131E-26 2.1597436334455937E-8 2.770103518235818E-18 11.312958652677558 5.2152235019218536E-54 2.8286145757635586 3.1023408534279103E-59 
1.746470198184498E-4 9.82967355015936E-6 3.107139088224882E-7 4.844457854602807E-44 9.138781905135655E-145 1.191933958013722E-18 1.7503321835982777E-68 6.061740715284883E-78 1.251637247159197E-37 45.254821351107516 22.62742333469365 4.270407231859369E-25 6.631681903342729E-60 1.0658324038200805E-43 2.9345128728020024E-82 
2.1987582664764892E-4 4.745734038543628E-77 1.1085070806990338E-4 6.903328173336633E-56 2.0591820093658293E-6 1.243548201119367E-52 6.985284075950464E-51 6.581626788216484E-8 90.50653828323192 45.25639884599226 2.272210595905171E-58 1.0627368427141308E-22 9.048413121363481E-46 1.6929859749618152E-99 3.08567021955921E-40 
8.849324429299585E-5 6.526685556535183E-7 4.242799671242774E-6 1.1781498782227129E-5 5.72728953635759E-88 6.373143499507151E-15 7.8248451558983345E-84 181.00735178706418 6.819919308249027E-18 3.350343796105135E-39 5.473450487166702E-12 5.059104320409342E-23 1.1615154549636883E-47 2.8286143680248417 2.7170828300054593E-40 
0.0010376331777784639 2.7351441504325587E-6 3.271706650275478E-106 2.8371285397894845E-102 9.026339164484799E-54 1.3786539947407113E-19 2.8720708765026027E-133 181.1140456487536 1.606166078525508E-18 1.2661561418716713E-43 3.852406316757143E-10 4.77369485373816E-25 5.653893029007042 2.0040999072317879E-60 3.418996606600257E-167 
0.08944293006492622 3.8115621840888317E-13 1.327026987500147E-112 6.384830648800796E-64 2.4740407985118516E-135 8.257074101878014E-43 1.2931125400143115E-50 181.02946330542076 8.762755411452612E-18 1.83326585780648E-43 1.516939055666813E-15 11.31307551353686 1.4105141463073585E-49 2.774970692717266E-89 1.538787407182111E-41 
1.3078460037415526E-4 3.988562553749735E-7 1.898611287773659E-116 1.0868146230230373E-68 7.36607697334421E-119 9.816939524476085E-37 362.0385718274877 4.379771747076129E-89 1.8973872887949836E-11 8.118367714566855E-54 22.6274232747146 5.234370428042444E-53 1.9617037671995317E-63 1.3428738288499602E-63 3.6453683395867824E-50 
1.1075503071704596E-5 3.081515117751295E-6 2.2616030919722552E-91 7.0344631496343135E-68 1.9861978975992476E-148 2.1976990670351077E-6 362.0379854272996 2.5999169910076056E-12 90.50983970170516 1.5374884387474447E-13 3.471415478150127E-12 1.9577554534727838E-22 3.323269428320449E-51 6.0171657892765646E-49 6.006140172810295E-81 
4.297722011142998E-6 3.037796300692701E-7 1.617932870600295E-30 3.6126418149278897E-6 1.9048151615006643E-76 1.0317067932579886E-14 362.00755059837553 181.03489544799922 2.7416350868913456E-29 5.240723407518331E-53 6.408247469123962E-12 2.794052008556564E-25 3.6686849879948146E-31 1.9605500780198964E-88 2.0267529694652277E-101 
1.2645517361964024E-6 2.3904814790970148E-18 2.8602681265950503E-96 4.1406558291793746E-7 1.7162649626969937E-43 724.4708426710778 1.9022411314983588E-60 1.662531748697024E-24 8.490060321830954E-18 6.401650927571745E-31 1.0344105595606435E-11 5.790465315977092E-55 5.653778372887646 8.33176926198789E-52 8.045658751979564E-81 
4.2421613446071026E-5 1.893834236982835E-62 3.662711101835443E-28 1.4595228765772032E-52 7.9276222472793E-234 724.1170603026873 1.8614323292693688E-8 6.90005255538664E-85 4.1068754289278984E-16 2.1956611493271026E-43 4.186645981444195E-11 11.313087909896042 2.1540722951322538E-55 3.287571101327099E-91 1.2599488671270084E-63 
5.584178666590603E-6 5.193825478938087E-6 4.0527810660595486E-98 1.5098449173997624E-6 1.4024225097037425E-191 724.0717346810234 6.3383865730737755E-52 1.6438948200783651E-10 90.51036920369883 4.811138429748037E-15 4.162481570254158E-11 3.1210722335765947E-24 2.62360835905549E-139 2.4173362611623887E-91 1.2394515901640747E-40 
2.683323696223886E-4 4.3013342193581804E-60 8.605787275754595E-119 2.34543379934139E-66 4.1290616368392045E-86 723.8768484964427 2.3092338420696716E-86 181.06944615777175 3.451256932003475E-27 2.2141048824348283E-39 6.2093773344495784E-12 4.410206859769387E-25 1.1963838220568085E-229 2.344106535454174E-47 1.4838541737211943E-45 
1.7633561571602787E-7 4.689879079914372E-5 1.5482963028295297E-94 2.0890108613657292E-83 2.111326787853048E-187 723.0056134472069 362.5737455149392 3.116197786133431E-79 1.2274837897825283E-17 3.3754065980669564E-52 7.207379588702071E-11 1.5084558683929788E-21 4.0543021508825864E-51 9.408828369288748E-120 5.053523642443924E-81 
1.5566813677534284E-4 7.084331385840333E-7 5.343295076565343E-29 1.496490651820945E-5 1448.9123501162785 1.384313724144613E-29 1.8681396153470413E-136 1.0648029054120924E-15 1.510427533393981E-18 1.03185596219028E-28 4.529272693747993E-148 5.047856519411677E-25 5.653893086026298 1.5607741192904834E-60 2.9128845431043875E-82 
1.968805218378231E-5 5.183275430834372E-60 1.808707718030722E-6 6.123489275590951E-74 1448.1545873820983 6.897867985154869E-32 5.0415213562546844E-67 3.374579317008844E-72 8.837403188457279E-37 1.229570283973987E-43 22.627418597437664 6.362426723297389E-23 1.2184477907742461E-136 1.0797225866033786E-102 5.489495362284894E-80 
8.320615390916353E-4 2.5326753558867057E-5 7.769204363448189E-5 4.6386227216106525E-5 1448.1211706927766 4.565141927828201E-6 1.9798552367400303E-186 9.689913495983748E-83 6.948919502220923E-18 45.255881415618404 1.788282111792897E-16 1.0634234299121456E-14 4.945910785784426E-48 6.700183366240495E-41 2.421120101164E-40 
8.539969370206534E-4 4.567163184519101E-4 3.1752406887848304E-29 7.772032846892032E-103 1448.1515425251453 4.2110480551065404E-14 1.9539530437225366E-77 1.350649403074355E-69 90.50986467654678 1.249849655583536E-42 5.84163732085447E-80 4.552074133584094E-53 0.0 9.021760387212998E-49 3.389107398690904E-59 
3.2391265055406674E-6 2.2879416705307555E-4 4.6286973442338215E-5 2897.8273592856854 9.162082053324336E-188 5.7997138717337254E-30 1.629485721262483E-95 2.8064265222911894E-121 7.731938220620592E-37 2.968164232440546E-40 2.6899276304779924E-79 1.6570747967343236E-77 5.653887889686697 2.6354900289181883E-100 3.936039414577647E-83 
2.643518424950819E-4 2.182701943929085E-4 5.925001878627869E-6 2896.3085672557586 1.2773339568918848E-144 2.128136258609621E-9 9.09220793761537E-87 8.458164481999932E-76 2.488816537551615E-29 4.831498355206722E-13 22.627423329017 7.385909699511448E-15 1.6063923575048696E-65 9.447916865618576E-61 1.5049903283524025E-76 
2.251585830855688E-4 1.4008681902769197E-6 1.1334463929435352E-24 2896.787534527919 0.0 723.957791879477 3.56538793524948E-6 6.253770935212301E-42 5.645359458254351E-16 1.0041877342487101E-32 1.0294794307389954E-10 3.183335688857134E-25 1.0762559033082949E-31 1.029056400520152E-56 2.7906212316241624E-53 
0.6716991518916768 0.06773972527373842 5798.710504025716 1.155331857671139E-55 3.3607071737490935E-103 6.131818998246665E-19 3.7179368590795464E-88 5.525331147341699E-61 4.5683811819513406E-20 3.808173643375933E-18 8.88065475433413E-18 4.29215304645549E-25 5.650899016101338 7.876895446121229E-70 1.972843699843736E-49 
0.011803143294529838 3.894966326050342E-6 5794.648282601559 1.623923609713566E-35 2.3737801864919133E-135 5.7571689419901815E-46 2.064626271552212E-53 5.290344369225895E-61 1.1977156853304236E-17 45.23897276687034 1.0784446615440049E-17 8.61203747366605E-25 1.6338170815579186E-183 1.2771864889564838E-35 1.0991282181818068E-61 
0.0074762851450543 2.0699976533673793E-69 5792.150389446221 2.1110280875395642E-97 7.588687653337174E-69 1.0604276874690061E-13 2.513720430732298E-60 181.0339713176232 7.859135620421042E-20 4.177404669517119E-18 8.138555084164046E-13 1.3846791692414467E-33 8.152616128766292E-32 4.7213518697121036E-57 2.1840033545797555E-174 
3.981220235983817E-5 1.183036298934055E-7 5791.725710523443 1.5955509587895406E-60 5.609226478213398E-171 2.2747574138592013E-28 362.09447888778186 5.846491777377916E-89 1.3566512427782535E-20 5.246338099990528E-39 1.668431877387768E-17 5.282823516810828E-25 3.525252237307065E-65 9.403493774108107E-40 5.273493628668404E-144 
0.006512351461619156 1.1489564494818204E-5 5793.08782716995 1.8721030227481435E-37 1448.037411218074 1.1041595994898665E-27 2.23678872783474E-53 2.2894688307605335E-60 2.5076125145189994E-10 1.9888610344569743E-54 4.741434855132643E-11 6.356457639059787E-26 1.891704500889926E-30 1.7662182182978106E-55 2.1013170643140236E-61 
5.757322772602689E-4 11585.26467025555 6.262721896464092E-23 1.3174547465804569E-201 6.511586158240715E-197 2.5033414072492444E-27 6.097478822468519E-44 5.42079919727431E-43 90.50945585075142 1.674731970893776E-28 8.71576382065483E-16 1.733778407054539E-24 2.3437601559191078E-32 1.120711715625275E-89 1.5529126954029433E-154 
5.0906512551422844E-5 11584.220561205062 4.142180750833453E-21 3.870144792211036E-101 6.062119466694958E-61 5.166536071191182E-9 5.520314828261216E-259 181.0352244722264 2.69226419678583E-16 4.3637021138608145E-56 9.063587610199177E-16 1.175592374914046E-25 2.150347348228731E-30 5.342973655481026E-49 1.9544214883712806E-47 
23168.949903307628 3.24338071688032E-64 2.216498954370871E-21 1.397909183073049E-47 1.3953198348491577E-68 5.915272620842874E-28 5.56507840427127E-108 7.500276101775826E-80 2.2929867183735885E-33 5.141662081637207E-42 3.841372422876422E-16 2.3559362505477942E-25 9.870926198720842E-53 2.8286132852152504 4.575392413092564E-78 
23171.751193363274 6.265831808410337E-50 3.998738507399209E-19 1.9354532997465987E-67 1.8120820751439098E-68 4.638400899675137E-14 2.9751687088152733E-6 8.786253176762615E-70 4.690543872344291E-16 2.9240452466880463E-18 1.8087046667314992E-8 11.313085339402805 1.0073112171577632E-31 5.5904898818224E-57 4.854481924148723E-54 
23170.474943802565 1.5524177027225279E-65 4.458887347401106E-67 1.5059162767097475E-65 8.752267718458249E-96 1.525305663408838E-19 1.7916309493764658E-84 5.168156015083328E-81 9.525504859253723E-21 7.651190901408323E-59 22.6274170858756 1.6072171856976408E-24 2.5890713649544355E-32 2.2977781200001964E-228 1.1526804294588379E-75 
23169.938653599 7.561569657030219E-60 2.925492577417981E-93 1.4675490028956732E-40 1.2958789543620777E-79 2.355561885508629E-9 5.763379175047944E-8 1.1926156539241989E-94 9.693658109188333E-18 45.25588156801485 4.1820714884679265E-87 1.6710869674458662E-23 5.895646762570443E-51 6.285567959427965E-64 1.2087232315418692E-182 
23170.431065520654 5.613724116212085E-102 3.3119690866279446E-74 3.967145489248423E-65 1.4966620383011632E-197 3.489403848169058E-10 9.371156456585191E-87 4.150219354118571E-15 90.50983969457029 2.090145369668204E-56 1.8621876175454794E-16 5.656678257471431E-33 1.7927106612197827E-62 1.0083908497246812E-57 4.0619374485154016E-135 
23168.774196022277 3.2658766695770274E-101 3.390457985550051E-20 3.0647786100583742E-58 6.676815442292543E-48 4.84808632424415E-19 4.020670079432973E-87 181.03262270023382 2.0376482444259026E-12 2.937050899251881E-39 6.613148031966872E-16 3.7119824796062406E-24 2.0301301646076957E-119 2.1921999216704336E-70 1.7617522404228623E-46 
23172.216409906887 8.216939609773619E-53 1.2720836560306583E-20 8.648007737525582E-90 1448.0458436298554 5.469253306472409E-7 5.519542602075879E-99 5.829602769555762E-90 3.052783706218238E-22 1.468482093278822E-18 6.673944694660603E-16 1.108500255752351E-46 3.4546955430330064E-178 6.082464223624484E-52 3.829984443601813E-110 
0.34126540111954917 2.84020538986984E-155 2.9754665876377173E-92 0.0023432608044936694 2.0959644377251762E-91 0.0014923281378886797 1.1545904640419613E-81 1.5670362914493718E-72 1.4586197700768061E-22 5.725888778309361E-54 3.7058200254982486E-57 3.116627842380528E-19 5.60366683920753E-50 2.828423097879218 1.4142155766945304 
1.2346884677648043E-4 8.771257150111234E-6 1.0140407265758819E-93 3.8961020893892324E-5 8.273983857424012E-46 6.198218821176451E-22 1.0787746376348737E-5 1.2651435242879723E-86 3.8012972985829082E-6 2.0024518843606544E-60 4.358782943911323E-34 9.141271068489104E-32 5.657363001961177 2.5152743938596916E-91 1.4140863641957313 
0.5551375816597548 5.079509146717271E-12 2.159275390377817E-96 0.03881979031193695 1.2898490352606564 0.09668507503986533 4.17999477431055E-88 7.079573697978443E-29 3.649651569306559E-24 3.174108412362076E-55 4.492701564198735E-165 11.313689392786003 4.407023121436788E-72 1.632733815938546E-91 1.4142153775887347 
5.8016372586083054E-5 9.409332269832569E-59 1.3352120160423657E-94 4.865696240191927E-63 1.1989905164452295E-113 6.989713725265382E-12 2.3890977460459515E-14 1.275118393194535E-7 4.6858587559688255E-38 7.092965414093326E-45 22.62706790414019 2.9975887889262632E-24 1.6981554739097449E-189 4.487877639456186E-56 1.4142353850740104 
0.006492417891297723 2.600092473274685E-5 5792.615153525696 3.710656694594494E-54 5.453901415733726E-126 3.392291698682054E-14 1.5705346775020556E-55 1.816035297109118E-26 2.365258046604491E-10 2.6707012575555516E-49 8.096234148491492E-18 2.403344726327258E-24 1.509953975556927E-30 2.2200934043014293E-89 1.4142144434188795 
4.025673496020419E-5 11585.25833986118 5.410296292358884E-22 1.3683555615448016E-55 3.9569457491916813E-140 6.990075683807804E-15 4.904435668826321E-44 1.356850332752178E-58 1.0959007384553535E-17 1.0216640044526057E-38 4.533691773848942E-16 4.284062932888623E-25 1.3479760410397689E-114 3.342401564370786E-43 1.41421101980689 
23170.463543233822 1.6019645511974944E-51 1.0066562882197086E-66 1.7485569797669052E-36 3.56738392954896E-33 5.337711828497881E-14 1.363415417636347E-56 2.1987685043222205E-15 1.379218473426556E-36 2.8999063258202245E-36 9.49345819297113E-84 1.6443991974288965E-24 2.1006058555805687E-70 7.6643726264837E-30 1.4142142629896635 
3.056436019587877E-9 3.0173970507270326E-7 2.315433687456423E-85 4.5640057425350393E-76 2.9814090418657226E-44 6.550475706493429E-32 272.94412519938805 4.6190946640141856E-86 6.874510313293718E-28 2.135862065922231E-62 18.15050336188485 10.106222475183296 1.6407157719067421E-65 5.6262036292307065E-52 4.665485916342777E-296 
1.6912457237217363E-7 1.8822272099418432E-9 5.9095880666531135E-77 1.6533468164982993E-10 8.52421660400268E-97 1.2714516581771034E-29 1.2502302443048288E-56 6.250203777966315E-8 7.637479270008161E-25 5.639870578995244E-49 1.1429414630685263E-89 1.0765064549142064E-34 1.7728991176758446E-67 1.4732198958653127E-58 2.000000002209888 
2.0639345584391537E-8 1.6367945021627905E-8 3.1015614079040356E-9 5.467865847652708E-47 1636.400136759524 7.583629746018609E-31 1.703335006803959E-76 3.1105890754901295E-94 76.96637356687651 1.0309749677174621E-32 9.865990539548351E-20 5.597342520579892E-22 1.262899039946663E-53 1.2465664357986866E-101 1.7813649385489935E-50 
3.903449684800298E-9 3.0956141305090517E-9 3.961499021117996E-10 3.724221796003589E-72 958.4311959314547 2.272751566840896E-31 452.47331764313515 1.7302360956438222E-124 2.2239806189002204E-20 6.730222242138997E-50 9.865990539127964E-20 2.1417541513240517E-24 5.438742907554889E-51 6.097057822511232E-98 4.2776699600650785E-80 
8.525420675976851E-8 6.089135001696223E-8 2.7179014709922338E-9 4.533538944222307E-78 1.1786315949952953E-146 7.202071058852123E-57 90.29625473938705 110.6586423239426 67.98534981856875 1.7249961346425294E-47 1.3480942326729335E-93 11.31306635260096 2.1219915013764544E-65 1.324168786737682E-50 3.828361621285167E-69 
3.3071099417782682E-9 1.7349237382026382E-82 3.022499555443752E-8 9.065688305249106E-69 1.4153096844845615E-13 2.2354336055034642E-20 1.3717897043062426E-131 5.856567316065268E-104 6.868272306363304E-11 7.525799127954212E-51 5.699476758756027E-11 6.137042091361454E-36 8.000000004601857 2.0805398540333573E-57 2.3014008019248618E-85 
3.291325595018175E-8 2.144677474948495E-6 6.442122825714989E-29 2379.700097614734 6.067266055021448E-140 5.8622214908858845E-18 7.179171479023349E-86 159.27513323346562 1.9305660965277825E-27 6.794709494866255E-36 16.792132402197524 1.9236731853448202E-30 1.721010428030067E-61 1.700854009658288E-63 5.089163959270158E-77 
6.673196758397938E-8 5.089690992695793E-8 6.977578756465041E-76 1.6890498103928373E-97 1.2513651564358477E-8 1.1792769809626084E-55 308.7277391571149 96.85228437015694 1.222075774763798E-19 1.0935446335645501E-13 9.416139594718472E-18 11.388218755322333 1.6433234836243973 4.928362483208186E-109 7.143718297723633E-69 
6.1982395750140564E-9 2.7138670501803192E-15 8.524519014168288E-35 1.679607788476723E-70 1.8795827565345042E-12 3.1195576367811036E-57 277.58810916146894 2.1054587340694838E-113 1.5105432957235517E-19 2.033344323041981E-13 26.888720477937742 1.4713030777022244E-14 1.6828732151953403E-63 6.364638941444457E-166 1.3655534502318015E-50 
1.7580023678051312E-9 1.0423699086481326E-20 6.056360470915364E-34 2.5550615481346655E-95 6.398121436378994E-98 5.526405739651314E-43 1.2682301802522764E-57 2.541328005436229E-10 2.1773811631366656E-29 2.445977280061328E-55 32.000000012006296 4.337188988438408E-15 3.0103624925256654E-122 8.827447102814076E-52 5.858087063176089E-79 
7.593573656143452E-8 8.184486114368508E-95 1167.9902270334062 6.666803167621072E-59 1174.769000855612 5.947544735282056E-14 9.450678500713712E-53 206.49452268594564 5.440249331784501E-17 1.9689767924079783E-25 3.4548080331454785E-134 6.814065158690352E-24 1.004410645905282E-137 4.6237703123370146E-49 1.2503751141796594E-51 
4.439810864605039E-8 2.5915713077867375E-8 3.4876987323116446E-33 8.049158631753519E-52 1941.123809992165 1.592980653041647E-30 2.7961806523344583E-77 6.548934687780147E-98 1.7269148313144304E-20 1.9192121748373847E-53 1.103650140973748E-139 1.7289256259515624E-60 5.304661071659169E-45 1.2752909639402585 3.6117892732524666E-50 
2.9055844586317618E-8 6.266688857632763E-8 1.0741847126008976E-68 1.8777810781248107E-47 4.0666229064022636E-82 4.16240390301442E-25 169.51771112644965 183.37710444409467 2.296918488748908E-16 2.536691669592478E-41 19.655141679232937 1.073496367956964E-22 1.317734071015986E-60 6.552006939634502E-114 3.951527570580317E-49 
8.478835964405095E-8 2.8379479740632804E-69 9.431399632433424E-100 1.3514965049689126E-6 3.7918835095987734E-139 1.370246763617464E-38 1.615635363045758E-15 3.261963251582037E-35 75.37676142484433 6.188058152954012E-59 4.4630499499062684E-73 9.42101271980933 4.42940053889068 3.3315144056389843E-52 8.291205650732163E-33 
1.4186605389851887E-8 8.280893174151793E-9 5.5130809763382464E-33 9.407191206728683E-10 928.9206826099808 7.623175131801162E-31 2.2801498055366144E-82 228.65282232686897 8.370621426658359E-21 6.472778406471986E-69 4.889531669689439E-80 4.1310802529131636E-23 5.606492294105152E-45 2.625601878429753E-233 2.2339922056590223E-50 
7.833137686934222E-8 6.884507785478033E-6 1.3775028617559493E-74 9.935091303304319E-87 3.808643885839098E-178 6.608580648101324E-23 1.0713102315260595E-161 181.0124703533894 1.3656971593688667E-37 45.256550383903345 4.5104541399515507E-13 2.569893740369574E-13 6.146643298531469E-62 1.9674851631229372E-66 5.227067638311034E-116 
2.2659141039327435E-8 1.421817241516689E-8 1.8581454387507335E-33 1.6186140867185661E-9 1554.176164736229 1.2754325865763675E-30 2.226879375687201E-60 166.71647225194022 8.35604611513177E-21 6.53736258358632E-38 1.0016828527735606E-17 4.1238870257250616E-23 3.1648137863114504E-49 1.1783091390202102E-56 3.02318336424474E-84 
6.924239804752292E-10 3.1961900951987873E-79 5.7473102982601465E-31 1.0999546977907514E-109 4.335318594013369E-109 1.6574032392217988E-23 3.1415199111846397E-136 2.520441042115524E-13 1.2798757192438753E-33 3.0726353864815576E-12 5.328777042848684E-30 4.270224980928286E-36 1.0996134390403884E-148 4.0000000022541125 9.534907002737056E-57 
9.911958424666583E-8 8.711573531737498E-6 3.4269072633009515E-73 5.145357470608149E-86 4.8194122661429896E-178 8.362418643463648E-23 2.1166476065162116E-63 229.05100768006642 2.2540308183937125E-17 28.583852101177833 1.6507687860170665E-11 5.418518486925942E-25 6.146687833231681E-62 1.5903486801650834E-105 7.3813425237921665E-59 
2.4534471643586917E-8 5.67086797991647E-8 2.663545563387129E-8 1.9294138511843288E-107 3.084805044065365E-10 1.627989806151736E-11 1.6993332798781272E-89 7.498138307094707E-11 8.975056576134721E-29 4.366790568045347E-66 17.439973564245932 7.93106701332709 5.409713643796915 2.7234041706492663E-51 7.077226701507804E-55 
9.658041029990452E-8 4.84453273392759E-6 9.693621457283768E-75 2.350276478492106E-89 2.6801797019760756E-178 4.6505224018892006E-23 1.5532127685448212E-61 127.38023385423861 9.610543582707269E-38 55.514793110039136 1.6710816395467444E-15 2.569893739893493E-13 6.146643297392784E-62 1.9674851627584544E-66 3.591779507446641E-118 
3.717153664581436E-10 5.963368359126156E-4 5.592777901391443E-25 3.5786709950016904E-61 1.7092495664452086E-45 4.510110125631758E-36 362.41585303083923 7.41936161100245E-61 1.7943825401727875E-15 9.010298946566261E-55 4.2533091695411447E-72 7.004506862582898E-16 5.650954658806903 1.1314816942193868E-63 3.988676233681099E-107 
2.9421678514306743E-8 2.395420172450802E-59 6.978195295725237E-9 3.835632168450008E-52 7.921688613664594E-7 2.197699067326718E-6 362.0379854753381 3.8536850263643234E-109 90.50983971371483 6.708883248207571E-54 3.3758418622193763E-12 1.9577554537325565E-22 3.281802518618252E-51 5.404358346379421E-50 1.968555717371614E-23 
2.2866174016447826E-9 6.74154366501988E-12 1.8708709071613498E-35 1.753126294325883E-110 5.393963780025932E-113 1.8257429089026384E-22 2.872930284457692E-90 1.147897401685219E-27 128.00000004383827 5.207076518218546E-55 1.1651918781993867E-15 3.235162317811088E-15 9.095132507294352E-64 5.4599933112708E-61 6.791133318444221E-59 
2.5286307338129928E-9 6.797541404125959E-10 1.3096650771696225E-34 4.518700817960438E-9 1460.2067501378067 1.1983167124304828E-30 9.099059832400506E-85 8.140482568147916E-97 5.262635247558627E-21 44.875046285415785 3.349519097658916E-52 4.123887025844228E-23 2.269536360213454E-70 3.178838387378438E-117 1.4444708444002684E-96 
2.6139521419998786E-8 1.5230788411446086E-8 2.0512852789730897E-33 2.6733617541276214E-9 1831.3940499048858 1.5029310724934372E-30 228.64517962730412 8.179172763162549E-95 8.35221820154282E-21 3.762684017053947E-52 1.001223980796178E-17 4.7618735247022595E-23 0.24246964404048058 8.668614258428338E-127 3.7186068451262254E-76 
1.2740628081351822E-7 3.388538660274198E-5 1.1186774307608071E-94 1.5093553468759619E-83 1.2444473450451019E-187 522.387130033607 440.3656682793053 3.116197786130408E-79 5.37225286657661E-18 3.457992387547616E-52 6.521741800300458E-11 1.5926812568834987E-21 4.0543021508786535E-51 9.408828369279621E-120 3.9161287099161787E-81 
2.6118108837171466E-8 8.741982315967082E-70 3.245870682151742E-6 1.0258942968855218E-8 4.553417570604813E-139 2.589201895950441E-39 2.1553168243191683E-15 4.2309480055009904E-22 90.51487711010675 4.823631138053325E-44 7.457373749101078E-18 11.313059787485493 2.1737264621407836E-55 3.152123091892245E-52 7.282551976761062E-63 
5.582453412157983E-9 8.723980655727003E-12 1.0158864260075266E-8 3.036833845691554E-11 1651.651082242051 584.6849367687526 1.1534007481328591E-82 8.085844391719635E-95 8.011805182586659E-20 10.955198981504525 1.0045410267834426E-17 4.1356540103389846E-23 2.290457980234249E-44 2.8331383162712015E-117 3.0318096316255447E-84 
1.3668686563176307E-7 2.7914741366567854E-90 1.7667311844619577E-112 1.3162842049199861E-46 2.9740921170356784E-210 3.323560374971776E-17 1.1362714632697823E-96 7.703708819175612E-68 3.397623685246394E-25 62.48275410016642 4.4626523423846494E-11 2.084946711589537E-24 2.9078221300492914E-55 0.8658121260694198 1.0842805553858806E-57 
15893.136310031598 8499.626157320117 3.431118811583647E-21 3.2309811464164456E-91 8.147595878624297E-47 9.04074093746227E-19 5.2775866782454175E-76 2.248663155775819E-69 90.90499809369982 3.808853019062673E-39 9.79318762525881E-79 4.57194684706085E-53 0.0 9.061146138404593E-49 3.587108275632096E-60 
24150.391551364195 9.184951608647312E-55 1.5597079159268085E-87 379.1564894055507 383.92794044182165 658.3622998965632 1.873000874056501E-52 2.2197132412270283E-85 4.976192415860109E-21 7.572465563793677E-53 1.0839951271421638E-14 1.0305965007571263E-24 1.196873114552367E-53 8.324151227145097E-69 4.1970070869856845E-84 
3.9812202359987285E-5 1.183036298938486E-7 5791.725710545135 1.5955509587955166E-60 4.0081192641847354E-81 2.2747574138677216E-28 362.09447888913803 4.004087430392319E-83 5.99397629797318E-18 5.2463381000101784E-39 5.661515599905929E-18 5.282823516830615E-25 3.5252522373202686E-65 9.791838628228428E-40 5.273493628688155E-144 
1.605661551228234E-5 7.767431751972775E-6 3.2050414673083225E-26 1.9268052226808145E-60 1.6319777386161914E-6 1.0414031994657144E-14 426.45298869514346 3.5201967549145324E-98 8.63148917663267E-14 35.41756463944277 1.091957900059546E-11 1.7957426583199246E-23 1.034428658666929E-66 1.5894446796722836E-117 3.019555815877763E-82 
2.0754708300069697E-5 3.859511413753844E-59 3019.2616273874323 8.529915228591233E-61 1235.620945431794 4.991987692163939E-28 362.0944788948636 5.889380713621774E-105 1.8915501576336077E-20 6.802058362630198E-39 1.6684318774203987E-17 5.282823516914148E-25 3.5252522373760107E-65 1.7245475602251025E-47 5.273493628771541E-144 
1.774795804574104E-5 5.432965522772259E-79 1.175851885922219E-78 5.257927947300201E-6 4.784622512260795E-8 776.2361830514023 5.223046664368537E-51 6.1226159549443165E-30 5.889208357361779E-37 3.5093210850708145E-49 20.870540992246966 1.2826244774517857E-27 5.5488853139603185E-112 6.565073131298741E-120 3.2640208591315617E-17 
4.248868403425387E-5 5.4806074563466955E-8 3.668514229824695E-28 1.4618353161391918E-52 5.292805967571926E-111 725.2643372413548 1.8643815463246447E-8 6.910984863995804E-85 1.8748418536865492E-16 3.1988306602952706E-43 4.1932792216317256E-11 11.331012145597265 4.531861341197027E-65 9.739569878708363E-61 1.2619451055232572E-63 
4.902744694433141E-5 11622.661906594063 5.0414814460838346E-67 1.9047473834740877E-45 3.6099071799950814E-240 5.35113349722727E-9 1.186323705056088E-73 2.1747445733226056E-16 1.732401604846915E-20 45.40361018037851 6.280374639514249E-17 3.337846306178876E-15 1.96204946198233E-50 3.4391744842987015E-46 3.478927084938947E-83 
1663.2173747069182 1.2801014724615045E-84 3023.091157245859 1.026302114100065E-58 2.6687445327748815E-86 950.3033286589576 2.0014931067517464E-77 3.643130906643703E-84 5.440249331193998E-17 5.656102139704506E-54 5.99088330738546E-47 1.0875668324365744E-20 5.955453341932818E-48 8.908979005609446E-106 3.531843147765686E-59 
0.03560511620799319 1.0876288000674057E-4 4523.086254320369 2.0885658109923523E-35 4.222618600559695E-39 4.0923976586259222E-19 2.8403740805748447E-59 1.097038406947398E-70 2.8032455933824824E-10 43.480791538068836 8.74364902961256E-72 2.349766902692794E-52 3.8664111847991394 1.0768765088899732E-56 2.9430588865159533E-55 
1.1014152902613654E-7 3.072215756153362E-69 6.195786045486575E-8 6.159228027082548E-97 2.71919820248534E-161 3.153328681900754E-11 1.4468733159692322E-17 9.188097072480127E-12 4.2020478590243665E-10 1.1064112261779262E-60 22.628684947792983 11.31307450170765 2.8359501309322886E-53 2.242618878775457E-87 1.3069519500782236E-79 
1.53709999744789E-5 4.050129764771258E-8 23.140918632783933 4.854402135203283E-33 9.698393889515093E-47 2.7586513633230134E-42 4.679750611192855E-127 2.3187175614402912E-84 6.060125805046041E-21 45.25447279752349 22.627417067729592 4.371223742147522E-25 1.9568065084388224E-72 2.964288782018707E-41 3.0494360368428537E-62 
23157.74676172524 11580.454881981792 4.9283229109068066E-65 2.588584009324664E-97 5.189082774497884E-46 1.9715039868632142E-10 16.004043652167653 1.0942892636207562E-15 2.1814383114665963E-20 9.062567278407496E-26 9.465509227061722E-73 3.67103638447417E-15 1.802169757107336E-47 8.08907658682873E-64 9.182607188943668E-86 
858.2238337126591 2.2061274936270386E-71 5.685973061315582E-71 254.25342277050098 4.172187310793264E-57 720.7829793518459 4.8720849609945916E-51 5.71120785106678E-30 3.89122793569996E-39 3.273512871044172E-49 22.627423731034185 8.860687565609337E-21 6.187055588127892E-56 6.565073131579598E-120 2.4046775852182885E-48 
10853.317496611395 2.973011368218351E-57 1.3703661563974569E-93 4.306555820449308E-41 6.070186865464038E-80 1.1033978729318128E-9 4.557660005901894E-9 5.5864784697898086E-95 4.296923691271698E-18 60.38749576133715 3.324838280054931E-10 1.6317024868392596E-23 1.0874485004886707E-5 2.557112469735797E-60 7.234093594798888E-167 
14630.803013127628 14660.162246872025 2.7733155687964546E-79 9.077548963504244E-90 1.0075000470780348E-85 2.0067491462751207E-19 2.208211153773308E-46 1.6060139318881183E-55 1.0169584317156953E-16 7.876487360646675E-37 8.383243701795095E-18 6.410371411364547E-81 4.987881822261026E-32 4.140431693117892E-62 8.358624304360209E-109 
1.3432843077798664E-5 3.065666148414322E-4 7.120096199347782E-6 3480.504486630112 1.5349768385001692E-144 2.557389043415736E-9 1.0926139182134234E-86 1.0164206867001487E-75 2.990819839874709E-29 5.8060290580075E-13 16.960196657147936 6.2196188649916184E-15 1.608761568661083E-65 1.226932423461229E-63 2.9604198848316506E-24 
3958.1125639549755 2.3492264660267087E-70 6.284613519452139E-42 1.0213511557522532E-55 6.229585035590778E-52 2.0023225303655748E-28 250.36790584405307 1.2318339474942976E-82 2.8525974971403143E-33 1.319643973244879E-13 4.734518290267331E-18 7.949721009381219 5.654206020187374 2.3104275550197114E-52 2.2619468547163273E-51 
420.9965743157924 26.851113626453667 3.4509731180696914E-87 4.2261933116252835E-59 2.8576694623880604E-112 5.748742073885599E-31 317.0475172612635 3.457517819468839E-89 100.49281594537128 1.15019418596035E-53 1.1523075879689724E-26 2.4166277952921E-24 3.627295833902953E-61 3.5568152781074956E-91 4.431898340893095E-50 
556.8627945780688 13995.224262256668 1.4739046105846557E-81 1.4315696211088295E-96 1.0242436128193202E-87 2.1583751324034366E-13 1.135922662141963E-126 4.169325319583428E-93 7.552601013897809E-14 2.540043355652274E-41 16.629300140580007 1.6819968499662598E-23 3.5323773943787976E-45 2.6834431023908433E-229 7.972432111335918E-112 
1.1550180716493564E-4 14316.60034000912 4.121408671430969E-80 2.417069675483974E-47 1.1128476031297558E-85 1.840256679865081E-19 259.19960513506834 1.8651250969937253E-76 1.274689063041105E-32 5.996835006998408E-37 8.466007727582682E-18 3.46807161665367E-84 1.0263511005095354E-52 3.0182982878262394E-60 8.441145273818211E-109 
21752.373037548303 7.280728540112792E-58 1996.3536572077599 4.4164812339385E-47 8.126370098956329E-130 1.1957257765101343E-29 2.0291907494975492E-8 3.146485163414759E-86 1.3787065118184996E-15 4.823630547537689E-44 7.457372836159008E-18 11.313058720477324 2.1737262265728323E-55 3.152122750294904E-52 7.282551187546836E-63 
1540.2385353691764 102.5679407671161 157.17336932872615 508.86252537900526 1.3057807734048167E-213 711.2735595840397 2.4833067004247426E-96 4.962935187116639E-155 7.731938220316218E-37 3.579941094677336E-49 2.6899276303721012E-79 3.182385191020342E-78 5.653887889464127 2.1602065752649927E-100 3.936039414422701E-83 
10048.82584750794 30.64609317141211 1.0581592347879789E-108 8.350532741652716E-61 5.659720217266629E-111 442.42450365939624 6.074160156259925E-52 3.281727998425833E-89 1.9739723538431335E-11 6.083028104877011E-54 27.411799019301707 5.272221327016861E-53 3.2536256271900304E-63 1.3525844487477953E-63 3.671728810371774E-50 
3678.7046594366975 984.1341407556725 3.855734063092011E-83 3.628339395650599E-59 2.706662761412429E-138 712.240857393679 5.8197213772792574E-89 2.344499256028724E-12 90.50983970407736 1.0074434777065781E-39 3.4714154782411105E-12 2.888518222894738E-25 6.283930178988751E-243 6.01716578943427E-49 2.1838908748905623E-80 
21457.677579604664 8.438224005291068E-59 2.709298346718363E-93 1.525281679554162E-40 1.2001133537993844E-79 2.181485597079845E-9 5.337464805414025E-8 1.3676098719532564E-116 8.977295684016589E-18 41.911466827142284 3.873015934829122E-87 6.055525204883931 3.411647187564528E-51 6.288398306132459E-64 2.0204320838363575E-159 
6.289851814021436E-5 11204.6971833009 3.9128899293060684E-71 1.6257528242585418E-55 1400.073233725888 3.7797881914840775E-40 1.691949162119456E-8 9.954423800845155E-69 4.8556558978917405E-17 9.583137864738288E-49 8.155809775488834 6.366749171830845E-23 3.8295400310156154E-45 5.7074163763276806E-70 5.556295776737765E-96 
21694.669683698143 1.388544558454759E-57 1235.2753550875436 17.347054525301655 7.803328039423923E-130 1.148192903557495E-29 3.340308388383439E-6 7.250702289595918E-13 7.657181595870855E-18 12.633587875618453 1.2948344751451332E-16 11.313058559720446 1.398174481986248E-55 3.152122749803842E-52 7.282551186412302E-63 
16662.60455818734 1.2824435912195783E-83 3863.5647641778683 1.9108194684101437E-58 4.968799088863783E-86 6.937285904932951E-14 4.028365901376051E-67 2.526679345650853E-84 3.77306387625315E-17 3.922767756497926E-54 1.3857890966741544E-45 11.52659549330906 6.303981322116946E-62 8.908979005571268E-106 5.396274180037694E-59 
29998.684551172944 1194.976966973451 2.175516200751412E-95 150.60808435414486 758.8290878749383 46.80550675906543 32.15501614507455 2.8156970049979683E-87 2.8919197727457033E-9 3.767385298328925 1.6198966924446877E-19 1.0892373077378974 6.162984344393881E-52 0.2670027847254655 1.7311561905272376E-30 
4.4813007510691736E-4 0.004036474943676253 7208.493166752789 1.8017441778129302E-37 972.9623054799135 8.79452907800273E-28 1.105259616196922E-98 9.339161844953978E-91 2.7607538940178308E-11 1.9888610347441622E-54 4.7414348558172963E-11 5.755777657498203E-26 1.8917045011630844E-30 1.766218218552849E-55 1.32344923155916E-31 
6.2260905612354E-5 5.957608588968744E-107 1.6780519064558942E-5 1.4238510954502875E-108 7.835033387585055E-64 724.0566778580902 1.1008060371852596E-73 1.9826100834751654E-86 2.4251098349574016E-16 45.256125622620544 2.2579991364777376E-17 1.354268113366547E-41 5.216184030245858E-56 6.361707435923204E-36 5.03202342845724E-85 
0.009181962797370932 3.6265569634392903E-6 8192.000007393352 5.247664287010438E-54 1.3567852276701771E-132 4.797427911945699E-14 4.520668029453885E-55 4.0724037412649644E-72 3.344982088699227E-10 3.7769442888544315E-49 1.1449811259070448E-17 3.3230897038001306E-24 2.1353987190737504E-30 3.139688155078221E-89 1.8510639834088382E-62 
4.427670939998807E-7 3.2280681263795086E-11 2.071322317300888E-6 2.3426841884741707E-85 6.565855512305222E-77 3.4608898329861426E-23 1.5422272266038036E-159 1.0145408027432862E-93 9.707307204593852E-21 2.7184122935210135E-23 1.902000465702476E-22 16.000365651678994 9.981435939551858E-32 3.763950019515802E-88 2.158487113232733E-168 
1.7022424996641155E-5 16384.000009300293 2.773315568785627E-79 1.0591403845156892E-57 1.2735492160854799E-85 2.796515399582843E-19 3.2753108796094037E-53 1.6060139318818485E-55 9.011207033522417E-16 9.032470230999283E-53 8.254166904114531E-18 1.3349025476738676E-22 4.987881822241554E-32 4.140431693101727E-62 8.358624304327576E-109 
23054.179794380594 1199.8239697488036 4.46047590258538E-67 1.5064527852424971E-65 3.94101065713711E-61 1.5819376132953E-19 1.2112397539710906E-84 5.169997259409827E-81 1.7294939054575877E-16 7.653916769551054E-59 22.6354784917641 1.1740815650856511E-25 2.5899937660870073E-32 2.2985967429122475E-228 1.2401738361109868E-47 
4527.415822048108 2746.376821911434 1.6939387242032084E-80 296.94815028781215 1876.7681909939943 3.407064485060539E-30 168.0921203225818 6.886820603200158E-95 1.0594819037919334E-16 9.161214054825885E-37 1.0016828525841367E-17 7.283107849711791E-23 4.71751284050935E-32 2.536222599337088E-117 5.1324170655239E-109 
23167.48105404195 3.684057309083507E-75 2.8493383316541602E-83 8.58928848376139E-111 1.0779390711050438E-44 724.1708937491525 2.0395813514325595E-28 1.4293277333595384E-28 9.201762515503554E-27 1.1169905824778264E-49 5.883332027155248E-17 1.8068139545776486E-15 6.541952807599471E-55 2.1868913542446277E-94 4.246265880683797E-46 
23172.16413039259 8.153041295959488E-56 3.2814230385641038E-71 1.9354877908961584E-67 1.8121143677308075E-68 4.638483559266649E-14 1.259831834471227E-8 8.786409754021507E-70 5.318724535235541E-16 2.75930937935599E-18 1.8087368991305852E-8 11.313286946601737 5.831111899641327E-32 5.59058950831437E-57 4.8545684344572396E-54 
4474.632814604355 2393.027113937746 2.0634105028797108E-17 1631.044326006172 1857.5973751610634 6.757937355784454E-14 2.910489198431402E-77 1.9302994322757387E-69 2.5351425358042835E-18 1.2630597203566574E-42 5.903379472836376E-80 4.600186475647044E-53 2.6761328640555237E-114 1.624332355658309E-61 7.186621118251648E-63 
27165.19299981931 6.649077406652803E-8 1.3490850863425149E-21 1908.528069395944 633.3055437679409 1.300051344403581E-28 1.2677098118438353E-84 8.182921366124023E-95 4.463205223735292E-18 3.615433320537654E-52 1.0016828525290771E-17 4.123887024718533E-23 1.5359449735999318E-86 2.536222599197679E-117 6.940268059847093E-84 
9410.735826916067 3.540770139341856E-68 8.522344442236136E-70 338.78801645535265 3.8210158636929413E-41 656.2226357397768 1.803952760215283E-140 5.7112095911591435E-30 3.9768392073818116E-37 3.2735138684189652E-49 22.62741683500489 1.2826244774526436E-27 5.54888531396403E-112 6.565073131303131E-120 3.2640208591337446E-17 
29.191097598658434 2061.8993574427523 7.212445960287535E-37 2851.609331145175 9.162082052037595E-188 2.3345653124962213E-31 1.629485721033635E-95 2.80642652189705E-121 1.5907432395974452E-36 2.9681642320236913E-40 4.0162521527738994E-78 1.657074796501601E-77 5.653887888892655 2.074520378027769E-87 9.75285262318055E-90 
25282.64057436815 253.38597499382345 2.031272080683676E-87 9.37536165802682E-111 3.531611126558258E-48 651.2256271552939 8.91828488116144E-39 1.4293277333339776E-28 7.70103195557885E-27 2.0488837394858313E-48 6.818721374218426E-70 1.6282687717626805E-51 1.0174384700669347E-61 2.9485734358991025E-94 6.961922252158413E-46 
4952.031607905871 22.53629655386082 1.6997804854378254E-21 476.0556117818709 1395.3101280395204 1.3843137241446293E-29 1.8681396153470635E-136 1.064802905412105E-15 1.9408645146499445E-18 1.0318559621902924E-28 4.529272693748047E-148 5.047856519411737E-25 5.653893086026364 1.560774119290502E-60 2.912884543104422E-82 
15324.37733451953 9.0953534615148E-70 2.43317458555236E-41 73.42602032913673 3.9407056083912927E-48 447.42717367622726 1.4257950949107578E-52 3.1125661097368055E-88 3.024355372390346E-14 8.34237477654144E-42 6.018240771006935E-18 4.815347029308898 5.653892432061911 1.4521644129731125E-52 7.311441380344094E-50 
12740.326510686107 7609.222767935239 5.039720717723731E-22 1.2335718389997423E-95 1042.9928263157915 4.712711660100985E-14 2.1867281427183885E-77 7.529674120000757E-70 78.25568248987909 1.299438970393297E-38 5.233740663112242E-82 3.1968981027749805E-25 1.5E-321 4.424412334300823E-43 3.389107398681425E-59 
4731.6604649193805 2.2968519246063125E-7 122.25491354573091 418.5522810342436 6.482346540386615E-150 1007.7507519885037 4.189962379593653E-96 2.2488463273422304E-26 3.604202475081674E-14 1.9749796139556757E-50 3.904626827186733E-73 4.796869874702563E-15 6.899791387288674E-123 2.34080957123216E-79 3.550956363048708E-30 
1.2597971362952638 19.680407429768703 1.4678996237647075E-21 2750.78533512231 1517.4327903116377 2.0259554755099144E-17 1.5939493587056774E-109 2.8203861326271338E-67 5.5631946448570975E-14 3.672190573786304E-51 1.258825330294424E-68 5.353662954709504E-37 7.192029315054233E-51 8.78591973807424E-111 4.548329681420436E-165 
1.0409509921506186E-4 6.744491617104183E-100 4.9163165712567504E-29 1.6189236926735305E-108 8.908460459510501E-64 823.254983873329 1.251620327667541E-73 2.184092134218769E-25 37.13100783746653 33.23881439549054 2.2167894873881693E-17 6.93506922191599E-44 5.216790708715472E-56 1.220851920400021E-36 1.5202473867090454E-85 
0.061737737684679904 0.006310996697062412 9.710724431426945E-5 0.006841230506569069 1096.1150789075014 1.9279773422947117E-19 274.0629778680533 4.5773194338699654E-69 7.422274257600729E-17 5.881204300217774E-37 20.91519584239788 1.669579969494225E-82 2.4027884338225022E-60 2.529489121533247E-100 3.039075438356517E-107 
2.0563446121728368E-5 4.5036372815323146E-60 1.8891286635412474E-6 6.4732251973821915E-74 1512.544184441746 7.204569316631973E-32 4.1515123406455914E-53 3.5246239354226985E-72 9.230342474992347E-37 2.7968326221214E-39 21.57446506542119 6.28796841733717E-23 1.7797563950232314E-65 6.055324921036606E-116 2.4300675202098192E-17 
0.6612627142469264 0.06621094937126536 5707.025488061227 1.1370645860525056E-55 2.436226195385735E-50 5.890912020095142E-19 3.776725851285157E-88 5.437968608014825E-61 4.501348490992226E-20 2.509826284778651E-46 8.74024026522298E-18 4.224288627234511E-25 5.739224176598727 7.876895446116898E-70 1.9728436998426515E-49 
0.016390680960825122 5.408826175399858E-6 8129.551255776419 2.278269461197532E-35 3.330274203867394E-135 8.07696994183406E-46 2.8965494159501744E-53 7.422042480034885E-61 1.6803247719065303E-17 7.887377267634305 1.0784446615445363E-17 3.967099110383971E-25 1.180891698240555E-188 2.819691869820931E-35 1.0991282181823485E-61 
21219.43313822631 12562.642174162589 1.7377639493074587E-21 318.91256089525183 9.269918994495561E-197 3.563766415253377E-27 4.914050361370178E-83 7.717070499108E-43 3.078110445179103E-20 1.6858560127994285E-28 9.395562773793574E-16 3.620041681410314E-23 2.3593280716479328E-32 1.1281557988012343E-89 7.023145511791264E-84 
5.325036052668213E-5 2.3772635622478933E-62 9.724714768391077E-29 1.8320877746311765E-52 3.6249176836403766E-235 912.9155366205973 2.3467621285535505E-8 8.699097876078231E-85 5.17765785612957E-16 1.19643089377795E-50 5.278226922582024E-11 7.24773037959157 2.1540722947051387E-55 3.28757110067523E-91 1.2599488668771824E-63 
18517.765806353782 0.31781155986237913 1.4714556666256664E-79 9.469025225960668E-97 6.774793530337099E-88 1.2645295329484662E-13 3.398587208447356E-139 2.788666617958085E-93 4.231896353329113E-13 52.63601520511422 2.083328437973314 2.4580512926370058E-23 1.3127294579928737E-45 1.501586975494199E-227 7.972432110995923E-112 
23495.013699745738 1.1190899633252982 7.142634701574037E-69 2.8377306719948775E-76 3.8272948982859014E-49 5.408612777665845E-9 2.905714067383494E-73 8.814786188564125E-15 2.281977740936796E-11 45.89131373773397 6.347835377571149E-17 1.1188605019011683E-14 2.5878857006099305E-71 3.091090927478947E-46 6.392583600820823E-119 
19864.47364643037 13032.085818229376 4.4668846400029685E-18 4.445769813335536E-113 2.644081277474215E-47 2.4140160390954035E-4 1.3276971492087653E-92 5.629752883974495E-92 6.747888346698872E-12 5.309156056598649E-39 2.0050249284757924E-16 3.78910055196066E-33 1.7174295987756672E-234 1.606272139322028E-90 1.7789174434732293E-82 
24539.937724661067 1.2645628213428311E-67 3.491597224990058E-79 2.4584970275249693E-97 9.537603281948273E-86 712.7120776508818 8.240323971022658E-77 1.6419695038217246E-55 9.33880830401341E-17 7.578081824144638E-37 1.1430460678018582E-11 6.4597052879944505E-34 8.355632291263785E-32 4.362577779701978E-62 6.530533532016071E-127 
32306.22402464241 3.962408916645138E-75 1.1427166390324615E-21 685.2202529379458 7.898330777824876E-144 1.2447176609966816E-83 8.327814732921787E-129 1.1358562852157504E-24 3.4600525883451854E-37 7.28522435592299E-27 5.418559459429796E-19 2.8806480126266256E-16 6.772123577667191E-37 6.312613217817659E-72 2.4331747884281E-81 
1920.8967401188838 1.5008490151657392E-55 7071.325724876456 77.45571598123317 4.443905589190865E-155 8.441967745150411E-32 1.8380708103167222E-85 4.1299847734039746E-72 1.081567128109813E-36 32.06969633412181 5.096089500230907E-44 0.029377163720094576 1.4214937434130178E-66 1.14422570121967E-102 1.086022672432512E-62 
8.075496515487804E-5 2.328053442989536E-6 7863.782129397559 2.4694391396954084E-57 2.388404873170488E-97 286.95041674127987 2.771136950010716E-96 7.895881136817216E-16 8.875058814250684E-16 3.2586564533986488E-53 3.5445835140985644E-18 7.273945942771378E-23 1.1470379995983707E-50 1.1607132786814813E-42 4.9836677809161743E-23 
7.343222200713064E-5 7.364700562068319E-82 7259.81510889947 6.266868926083808E-38 7.252163689722424E-130 9.83400777068556E-28 8.861047355751355E-143 4.5978064106073727E-95 2.6788102786911436E-11 3.599345058038437E-56 14.825208775111344 6.4597012119489915E-21 1.5099947819636893E-30 9.931571227123783E-82 4.581723368090853E-103 
23117.718744672107 319.94885179235894 8.03014028442167E-75 1.9213605286772984E-45 90.45985151369115 1.1992744628499198E-45 1.2620732988188784E-4 4.8498527657495893E-11 2.2425949559135935E-26 1.1095129786349332E-24 5.5247998270185775E-28 11.313051835247844 3.386783868695678E-51 4.084606504945966E-92 7.737814951653716E-85 
28711.41742027562 9.370045644974644E-60 3.4820733844025877E-93 4.31882695922252E-96 1.6058101033884526E-79 2.918933949944856E-9 7.14178780186032E-8 1.477849655698327E-94 1.2012058748334862E-17 30.844310901798643 6.738533616615944E-9 1.6710869673864235E-23 5.895646762360727E-51 6.28556795920438E-64 1.2087232314988733E-182 
19736.007180769066 2.241268311118681E-53 9.509071092006861E-80 4.914025852953718E-35 758.5294091601354 1.297298462713638E-19 362.06126737055627 1.6263263719347995E-68 1.0947741919582172E-16 1.661118703826014E-36 2.327708919385301E-15 1.669438886418632E-82 2.0578177602884624E-75 2.5292753742965376E-100 9.807034920852557E-51 
3.2587639695183637E-4 1.6568592543959174E-4 1.7323656530479062E-26 3564.744082875757 1033.1923875687771 2.038000899025156E-17 1.6034262674134688E-109 6.750271109669046E-68 1.0374006850359177E-13 8.284587245422308E-52 1.2663097416837186E-68 3.0000087415672247E-36 1.43423354633471E-54 8.838156880250027E-111 2.5222023127160744E-166 
32711.588193679996 2.7596830935640915E-50 2.0888764443267679E-19 2.497853474301577E-40 0.05931558032300949 3.287301498884327E-8 2.192969570304423E-77 1.747840331921114E-91 2.567343754251457E-32 5.532028137263997E-32 3.9515952911372E-18 2.6522084891004605E-22 0.4692216230847509 4.483709720916142E-39 3.8726435664544427E-84 
22324.385326130403 3104.540140964945 3.987703180055503E-18 4.0169660914892014E-46 8.828291058924534E-76 7.091434571584282E-14 1.4915256432954757E-86 1.1820822335343546E-57 7.253290624388321E-17 1.2528240022418635E-57 4.913320698845172E-18 11.313076860099152 1.2031956987986155E-61 6.102833333147701E-61 1.4080054561043717E-105 
3.726361765246194E-4 1.2434762097371236E-61 3.1470115083582626E-5 3140.689690187675 4.335037207417071E-78 2.704958212385828E-31 1.617284998746989E-86 1.9301880179718486E-55 7.864858489765528E-17 2.3440228392077915E-43 20.59131482658769 1.2582015828989713E-21 7.240476566633877E-62 6.10893567649988E-61 6.116542022509292E-106 
1.0095707634683227E-5 5.54853056094926E-63 4219.786731061873 1.1625006260913985E-60 1.8443856733777492E-150 1.6573628709568403E-28 438.9386271718261 2.244579504981963E-85 1.356858622468205E-20 5.247140062893189E-39 1.6686869163207878E-17 5.283631056927581E-25 3.525791112511629E-65 9.526429178550353E-69 1.3245043981785858E-146 
13119.631273043864 33.35659675100407 4.136677995833259E-99 2472.3527149925403 5.98779988292983E-47 3.1534591573767124E-12 6.569420783381889E-126 2.6981763668461535E-78 1.6444101917965113E-18 1.2963043435775434E-43 3.944135226683595E-10 6.402731581917357E-15 5.788516794453504 3.2176283364129796E-58 3.50040568082005E-167 
11142.58046246877 15147.087657092035 7.172208331770479E-84 705.4217511129202 1.2735492174580581E-85 1.771865935678157E-11 4.250963224012413E-82 1.6060139336127434E-55 1.0169584328077606E-16 8.727203241110587E-37 8.383243710797477E-18 7.660502773049481E-25 4.987881827617285E-32 5.306617824596591E-62 5.4284537781907386E-108 
979.7896738381448 16376.67424805439 1.2709273878429186E-20 5.473691733097422E-101 5.812652536162015E-61 7.307226809328822E-9 7.807589447392656E-259 2.2251734326807257E-81 2.6922641974310857E-16 4.363702114906665E-56 5.300636695465041E-16 1.1754272188908348E-25 9.442649354058102E-55 3.728181931011378E-46 2.287398649908581E-81 
65.21561213945122 3517.8287884668757 4481.374294082033 1.3894672296694605E-77 1.8154741970529963E-170 2.4117896509072676E-27 1.498275570975361E-152 6.48817649038344E-81 1.1350691120330627E-37 51.76340102121696 6.960458925633108E-13 2.5692809722846483E-13 1.8330554550491422E-62 0.09389810119683753 5.042735010163631E-103 
3.580475519528101E-7 4.191872010283898E-62 1.5363257078129636E-34 3.452379445261651E-97 9.438000760119715E-9 8.535756349324507E-24 512.0000002917668 6.745827973543511E-84 2.2469241933437837E-19 5.896875919402096E-13 6.793082725706184E-13 2.0631641750443095E-22 1.0754658531574768E-52 3.3877630197853555E-47 2.4654134856555014E-130 
1504.4932755380123 1399.324049950429 1.0919030756652167E-89 2.9285870154555794E-60 4.651461661688559E-183 717.2439412354684 4.69211541259869E-52 1.6439235131970206E-10 90.51194900353235 3.175378547685242E-15 2.3874213857484483E-17 5.341913428954021E-25 2.6236541524390035E-139 2.417378454200121E-91 5.371973705601983E-41 
276.3111009995379 14686.182070541243 2.93860159714824E-65 2.1194348107914245E-77 8.124910166523154E-169 1.4090228335351713E-13 2.28540647341427E-152 3.481970101982526E-72 1.7313866331840558E-37 28.402038140405594 7.185746730156957E-55 3.5694109973801843E-13 6.1481758763691205E-62 1.9679757274863567E-66 3.5926750671032565E-118 
208.46675108913672 15608.882856566019 1.1427433949613143E-17 109.48835864310212 4.475754121309415E-38 1.1790687484759306E-28 154.9809858694803 1.0481641781469671E-60 2.5349990998044317E-15 6.033292058813736E-56 1.2722559774538421E-71 7.31687971202562E-25 3.6676483143015224E-33 1.1314816940047942E-63 5.347964286545266E-23 
25084.262676530278 61.39820307489884 2.7164484508608446E-21 1.4190836395365259E-44 1.2753396562092209E-101 2.2187661524923847E-9 5.396321576486915E-115 1.2592401501625814E-14 82.3567307541795 5.207076518340978E-55 7.266613174716025E-17 7.195612345284923E-15 4.05195959505328E-65 1.1649813410667525E-61 7.462742508291791E-135 
0.003847654786978525 1.0445903869062756E-5 5792.618741344241 3.7197162230057572E-65 2.427695248267033E-44 6.905437006023171E-40 1.6932347186392582E-125 1.0615360047094552E-73 4.294764544296976E-18 2.3999718715308507E-8 22.627417068811184 1.8854936098373587E-24 1.2190426308347295E-73 3.0594012782892886E-41 1.5492798873973585E-62 
4232.601653376339 1461.150071176069 2.150772088676967E-21 1.9148756272685096E-75 1.1577503484574497E-179 704.9130412373223 362.5737455811709 3.116197786702669E-79 1.2274837900067537E-17 3.3754065986835444E-52 7.687966185783343E-11 1.952085497377838E-21 1.2586943586059853E-52 2.4333828701935035E-118 5.638670242985101E-81 
220.60750554106576 15582.506700367334 1.6406985019591514E-80 219.66586832539917 1.233670524190425E-187 7.809290520051778E-30 5.2372667423456864E-76 3.383224058941403E-67 1.0411022540646224E-36 3.7791393372762885E-40 3.6219763265730924E-79 1.478457313060467E-12 2.433420770072102 2.635490028959953E-100 3.936039414640022E-83 
2336.372607801859 7.125279481242824 1.2117814642233282E-86 3.097360982545026E-61 1.3158965519064532E-111 9.910123016118648E-30 360.4143587937994 2.8826787737139787E-87 1.898539997783906E-11 8.123299820676781E-54 22.641169985446226 5.237550435560882E-53 1.962895550015517E-63 6.107908198962375E-56 1.7007795007978736E-47 
2.148219992921746E-7 1352.4639053264923 1.9852588830258687E-19 7.616504373164861E-123 2.5071324373672554E-124 852.9599070721991 7.08035221991634E-137 1.767209544469913E-61 1.7965884996031177E-17 2.675915668309342E-46 2.869501124841495E-17 1.2618121033784808E-26 4.377024133174996 4.662224015615091E-52 1.5716570716307853E-213 
23745.131962893636 960.4662706630385 1.0608113251663472E-22 122.17697551737872 71.71789447328928 4.338253122789988E-14 2.012977003061019E-77 2.6669251493310097E-160 87.20171682748911 1.246584054864891E-42 7.180812541230956E-20 1.1559409436533281 4.760054141403471E-208 6.8338828897070706E-49 1.6646347861388924E-58 
7.033880758841521E-5 1.3872645140317592E-4 9.938643775676149E-83 9.549770589901482E-55 1448.2442601304617 1.2354982801039787E-28 3.1593389682176674E-6 4.849871258646012E-11 2.921360914748556E-26 1.6841946235277805E-25 5.524820893544902E-28 11.313094972865814 3.432027286107096E-51 3.3409603015032828E-81 7.737844456592804E-85 
16403.71583818679 6.238711942011403E-55 3995.4963635438066 359.5584047204949 114.19159741522024 722.4840251327523 1.870041419593482E-52 2.2162059602911983E-85 5.920998512001536E-20 7.560500611016965E-53 1.0822823493953154E-14 0.5629564532855932 0.3260747625575118 8.323072836341805E-69 1.2764387540195265E-85 
1372.5274972294665 711.5609803116093 22.954383405574873 2022.523200760393 8.986249025729156E-145 1.497177952356611E-9 1.3599155339883227E-79 3.989185263597837E-76 14.097481919654005 3.481344970563331E-13 27.640772899191344 7.406941084562488E-15 1.6109665613048384E-65 9.474819818080095E-61 2.753182381445466E-64 
630.7963965190806 597.1528855023391 336.6561272752251 243.3215088855364 159.49315421764518 716.861373855144 6.3578369472810284E-52 1.4306770399010842E-10 90.78811505121894 6.945892358193742E-15 4.175254824652394E-11 0.40396236846381417 2.632492840902503E-139 0.044501706935795464 1.3668607000607327E-41 
6.512001695231921 459.9721564317573 161.04151242086493 2449.375041030744 7.756916172405984E-188 3.261906752447126E-30 1.3795755233800174E-95 3.4689552661883305E-105 2.0193922753104553E-36 23.093840266129924 2.658713649057891E-79 0.01813772293089934 5.723618124795633 2.636608139501234E-100 3.937709285181001E-83 
1.7065325384808798E-6 4.746274052235949E-86 1.9713794486469119E-7 442.40072146490047 385.6251290349244 1002.1077059236586 1.3135738869270641 1.1426966706312088E-96 1.0385589554822997E-19 1.5982326486570988E-47 9.424261457130821E-60 2.7756380320469925E-24 3.397095049786174E-76 1.0802873938343982E-105 5.731870501226105E-23 
7.108674974349045E-6 5.343554319157703E-118 3.006138235086284E-51 3.143632766748949E-8 6.616591767751084E-251 1.9744369613237091E-16 362.56060083167165 1.9828367023734284E-14 1.9658611224320625E-27 3.825232408649224E-39 1.3644081446390406E-16 1.4652749341465433E-33 2.6812816978452425E-74 2.7138624421330824E-97 1.4162537492615146 
9076.469734409422 41.30628190462899 3.1154902377007274E-21 872.5518523217078 485.12924740476603 8.391712228901616E-30 6.3537413259458074E-248 145.3351405966902 6.107210548790028E-20 1.0318559621907725E-28 6.414692771688958E-109 8.02577406330832E-26 5.6538930860289955 1.5607741192912282E-60 6.210107026822456E-48 
2416.0824968093734 1349.9384119810686 628.9241302588672 325.3254015586169 2.5230934597653023E-103 4.818055500731474E-10 501.7104865780687 14.011542832742247 8.251930504401399 8.901601895896462E-54 1.2960458273797675E-46 1.2515936511138224 0.2867310445747402 0.3394327550419902 0.14554398033521213 
0.10770381205779639 0.01100977178058234 5.29665412107125E-85 2.0530282876415983E-41 1443.695848846656 1.293384833261427E-19 363.14996045417405 5.688614387859813E-66 7.339591271641448E-17 7.769587485084958E-37 2.313968924080041E-15 1.2333446126120877E-22 2.4025853934784712E-60 3.9264519650073587E-56 5.715443810578828E-109 
1.3069646345597268E-5 4.374536377861599E-67 7.026841232638426E-67 1.0189547111778923E-8 3.308643236545118E-142 6.744410509083749E-39 8.890095430495393E-15 2.4204505358122413E-91 91.11533777103685 7.802791441750285E-53 7.517084617896294E-18 11.366972480844758 2.1861171848782002E-55 1.4580090509837128E-51 2.432817178752366E-62 
625.2816636890082 2.183755274842282E-56 2.5531882714545582E-23 10.046786296983925 6.090023222861958E-121 8.771976471850131E-16 1.0501503355861973E-42 1.0509082376915862E-27 1.1132832947600604E-22 28.74906402533299 1.3319011932232753E-10 12.655453375335673 6.717208004967042E-54 0.2798979377708495 0.841163872846414 
1134.3907251327153 3.152043607364413 5.410095027592801E-43 145.2609215923178 27.162301236432924 248.10617297706798 0.031122539745145325 190.18507619671976 6.6795576139533985E-18 2.8288786368363714E-54 1.5232968449744465E-62 1.3258780232230005E-51 4.975118441275435 4.4593670786100115E-58 4.6807486901579164E-51 
23141.844213183907 1.5504994488601414E-65 2.756472482539899E-66 1.504055482601845E-65 2.4308458447048632E-79 1.5234209106937516E-19 1.7894171102901258E-84 8.996105031338127 9.52550485962145E-21 7.651190901703693E-59 22.62741708674912 1.6072171857596865E-24 2.589071365054385E-32 2.297778120088901E-228 1.1526804295033366E-75 
2.5287407344179686E-6 16443.86188125168 1.4160656760338583E-21 1.6721835139719703E-35 6.938615685875694E-49 4.1187726576800357E-19 3.8109092953439175E-60 3.2352818367529763E-26 2.5386150719972473E-19 1.9229563529685423E-46 5.349186713977718E-18 2.898692344016952E-26 5.70276447293781E-54 1.0910837967046782E-46 2.0355714991252915E-83 
4.638008885661786E-8 1.0795081149249754E-9 6.397251265095358E-91 6.037904647152579E-59 7.932597382492362E-10 9.558030448734194E-40 63.42050876728897 4.534753334018445E-89 89.86425158173087 4.812573302096703E-13 8.010569359341352E-17 11.405233530734666 7.378007908864425E-53 2.734966976018017E-43 1.8924935619147533E-76 
12573.914123151239 7431.072521761708 1104.2274775262965 1594.9088018879793 859.3013976825272 275.37605452905547 6.415688076528851E-6 4.423612976454312E-13 35.49301874845284 4.332754574682897 7.022005149750588E-58 6.001242671958888 7.958255034648464E-55 0.2684677648035298 0.12260356655586124 
12925.880333826566 1.4997014298799835E-63 86.25636717829342 2261.655751397763 8.676743111753757E-52 9.464217509349985E-20 5.721067647817003E-32 4.802331737455692E-26 4.174469433885611E-19 0.15617129631397217 5.381405655708513E-12 3.6529024645951793 4.8940437757832786E-54 2.864579205708836 1.3123735594075708E-40 
1.4819742448406296E-9 8.787049360701684E-21 3.2321939533246594E-34 7.377388235859449E-95 1.3390863195472946E-141 1.1906747235567754E-50 2.1070060839917474E-58 2.060136892962572E-10 2.4416370211927925E-29 1.0795226993685764E-12 31.47525187589208 2.88567670189352 1.2591352008831153E-49 1.4841816208373362E-50 7.179691162473662E-80 
23172.623662409744 139.37860866023124 9.704983218943688E-17 9.53456670487692E-85 1.0187271035228E-310 723.9577916727661 5.07367216359065E-6 2.7619710227927573E-43 1.015937769905481E-37 1.0557566360603176E-31 1.0992409550669359E-10 3.6571388072012355E-13 1.0762559030009927E-31 1.1319221935125124E-56 1.9341151044969857E-52 
26.193816914687012 0.22752425578616484 2.406744303420319 8.148178273452587E-68 1479.6017895337156 7.047662588557006E-32 5.151003401102289E-67 22.592255649803054 9.096432356996735E-37 1.5748881129557415E-43 23.29064073413319 6.548912964660859E-23 1.733239588893986E-135 1.1113698519704764E-102 2.807872663605074E-117 
680.3645590025252 2.0010673009818935E-9 6.727511715693017E-20 47.57669159631715 1580.810953982237 113.86283429218638 5.1185969068610193E-85 1.9234163414318965E-60 4.469167126376202E-21 3.88684253899285E-52 3.835127456717568E-164 10.008259766208289 6.232479865340302E-72 4.4076710108561115E-91 1.1529162364415312E-23 
2.7934590194088775E-5 1.3513434552003555E-5 5.575989527545999E-26 2.447486709681444E-56 8.648992660035457E-7 2.4180455089104507E-14 512.0000003098901 3.324923515275763E-82 3.67398370597449E-33 6.56292074736384E-13 8.863904309121997E-12 2.9469261877161785E-50 6.759460638486207E-68 2.683613956443462E-86 1.4252058085615378E-57 
2452.0821455569117 1373.6356258808908 639.2226333010433 330.14970319468244 5.475937644187672E-99 1001.4265747786299 32.953362538173366 7.344648726657876E-85 6.282000515144369 3.7129572114953993 4.832153245053547E-45 0.895758869576737 0.2745185083475033 0.33886270695139153 0.08014410537958877 
1.7520064076136364E-6 1.4238164411482319E-10 2.023758112218493E-83 2.6932372650675973E-97 8.159595140963475E-153 2.535649636533998E-7 3.2786401256748293E-153 1.0150251064982614E-93 2.126951879237937E-20 2.912848344952388E-23 2.458211418589388E-27 16.008003626558992 4.257447726595833E-72 3.765746788184999E-88 5.59915875578293E-119 
14331.568791054007 1445.3145130727262 1.2535373917911511E-20 2.694032808659028E-53 2.1183216727684154E-103 1.1453482368841015E-18 2.3434907653042458E-88 1.470215670506344E-62 2.879543014870658E-20 2.4003688347025748E-18 5.597656225875139E-18 2.7054308367493767E-25 7.159576182084607 7.876895445840735E-70 2.2002690917519344E-103 
118.96755908904646 147.00600065063531 79.27737511986382 6.136428617331948E-47 2.323291390084323E-124 8.029447855868534 2.0764538951837932E-53 2.3162881549375155E-91 127.98407425103854 2.0904755846903524E-55 2.1885696496764025E-26 6.793997207644448E-24 3.1872943227468153E-139 2.1773411595324303E-49 2.7624930994951274E-101 
2.846605631199768E-4 1.2555377078817513E-4 1.8773510125567455E-94 3.317889827162567E-66 2.4823726609588312E-86 1024.0082804380445 3.266680762976112E-86 1.3340962797485328E-82 1.085044799126661E-17 2.7577043193023857E-39 6.184054694320669E-12 4.410242520001303E-25 6.907881541135142E-210 2.3441254895271576E-47 1.4838661719302693E-45 
4473.193309006288 8.547207368030261E-50 1.0584115538849195E-21 8.087928923564972E-37 4.007665649097467E-152 3.6761127079867375E-14 2.5467131484551348E-40 177.87454364996816 2.1660056013378895E-37 7.97957070103282E-42 22.659377931969942 9.352193217368686E-25 1.3921027150348505E-50 0.0 2.09174863438223E-63 
3.748364824957277E-7 4.388429835191836E-62 7.928653700675532E-35 3.614262296849848E-97 6.404063828935278E-9 8.335584514289084E-39 512.0000002844705 6.74582797344738E-84 2.7423880248604287E-33 5.896875919318061E-13 2.81581610793501E-17 2.063164175014908E-22 3.1526461221955474E-53 3.4462710736932485E-47 1.3891948536691758E-47 
2406.983243652875 244.13388419755557 9.154930274081795E-22 2044.1814689521707 8.054046371328343E-67 5.837821783093505E-6 253.54481853486942 181.03489544837626 3.778377497547476E-17 5.281548094534233E-37 6.408247469137308E-12 2.7940520085623837E-25 3.668684988002456E-31 2.167503984172225E-100 2.026752969469449E-101 
2.526078823698501E-4 1.0816959420607725E-5 5.0128942694472956E-8 484.74873925496814 1.3164818892555327E-207 3.328995488708199E-13 1.4392912412024884E-130 5.321049311077587E-27 9.048069323244235E-38 1.4322225581058738E-27 2.661297971915291E-20 8.356414670097114E-28 3.1447060682896474E-57 3.1413721222940674 1.2152865442508507 
1163.7571213515819 626.7897960720002 303.5108677986211 132.35949711641544 57.6960099399926 33.34980742089247 66.71006389150465 243.78657819652065 6.039453782148162E-37 17.232335343721736 3.757872964651286E-79 0.1431776787395946 4.8384167972395375E-15 1.687671095448075E-99 1.1536844386598951E-86 
8.364988962463666E-9 1.2448677220850125E-13 1.1221701803555772E-31 2.888163148196904E-9 2.3283958131484192E-92 1.3342703882485572E-21 4.2608505744616507E-135 2.7444595576410413E-105 1.7373954799936594E-29 64.00000003083885 1.9844733174962817E-17 7.13504570694491E-24 1.6315141470632634E-174 3.2174013168901336E-110 7.807898270585271E-57 
8.189091695352467E-5 1.3281403389253178E-58 1.8846703343756184E-94 6.867997928264406E-63 1.6923917927580474E-113 1.2887866305325272E-11 2.982350098336202E-203 1.846602356561956E-7 6.626907254468058E-38 1.0031122662088793E-44 32.000000053412954 4.2392961302864615E-24 5.031940537446222E-88 6.207013747122054E-56 2.1994655733462548E-85 
8.82553695779734E-5 1.7410835685638946E-12 7.176278422511993E-94 2.7342479930519585E-5 5.5769228575236405E-98 3.821865210312495E-35 7.500924411457537E-6 8.814490799832362E-87 3.706819931552904E-6 2.530505514874552E-66 3.8306198767662793E-34 8.033603669753023E-32 4.971848207231014 2.2104932070772577E-91 1.5671002367242473 
1.3253663492120571E-9 3.886737258920112E-12 2.1774604890009394E-39 2.2420223066769775E-11 1.3134614504632283E-249 5.795989571096329E-11 4.919175675614007E-128 1.1478974017091401E-27 128.00000004650568 4.8382176816041354E-33 1.1651918782236682E-15 1.1318245322113738E-14 8.962778726280032E-67 5.459993311384582E-61 3.0516820115772765E-132 
9.026177959285738E-6 3.0083361208846814E-162 1.699769677398575E-6 8.69435879795286E-50 1452.4615935826232 2.3501346735179124E-11 9.469033803836158E-103 1.0460003885406969E-97 7.25175784054218E-37 9.352847384852925E-49 6.235955040108763E-56 4.135992979797404E-25 4.705672843209784E-66 2.837214706576087 1.9681259673748687E-49 
23698.182558940225 1.7277559423071835 0.6085518869409501 2.1266140929272073E-76 2.723890530216399E-49 0.7913590782861553 4.4049068583494094E-150 2.8977297657495493E-84 2.7725994810623997E-11 8.32564083954993E-14 7.619698427115742E-18 11.050024864116972 1.1448545543268071E-33 3.763864004226486E-88 9.426340635049355E-90 
6.215720128401774E-4 2.47454700009148E-118 1.2218942826625723E-4 1.0902618833013619E-71 8.221163831702962E-5 8.26047592288654E-45 3.8221244180683216E-104 1.8284745468769113E-70 90.50873391705703 6.157871812525701E-49 4.6032820996183003E-20 2.9152426127100226E-23 6.068600748792651E-56 2.82877475400561 5.382201266047338E-24 
12992.273416962844 371.00025919338066 2.573042909434433 2396.5084365708803 1.359942029159999E-207 1.9891178643049762E-12 1.2650252041044298E-77 8.926029552505499E-26 5.560785086075871E-28 1.8288537324097018E-56 7.517126764531915E-20 4.993065853712044E-27 3.1901220884060434E-56 1.929826037603495E-189 1.4143006613913758 
1.0905542618873693E-6 3716.5195251524665 1643.575082279668 3.8690113988220205E-38 4.9218972495097776E-169 9.356445842170376E-15 4.241279465342203E-98 7.871157099681494E-91 9.67191024436869E-39 1.5805591070803932E-13 1.962608797908155E-57 15.293736638331437 1.7350033946898817E-30 5.5529921157151886E-49 4.402809904142319E-59 
0.33990702348732954 1.0585318322983554E-167 2.8911815913768574E-22 5.797620501932427E-4 2.0846731655177651E-91 0.0021737311508571713 1.160888586028029E-81 1.57558424505501E-72 1.466576327427084E-22 5.757122663507237E-54 2.928206219238846E-57 1.357301575526252E-31 2.64285384819417E-52 2.8438517318870655 1.421929915669268 
156.99742232783353 4482.198809641683 6.713984686599663E-80 5.505737134833719E-36 3.4941710509673364E-194 0.0186021967515635 2.988343316266342E-7 5.053133594213221E-57 2.0841951244983012E-13 44.48174918468218 3.209410280164506E-11 1.5577475095593734E-24 9.41056180762886E-56 2.988176837138928 2.911111488378845E-57 
32768.000011940974 2.2655211163480343E-51 3.291353045339364E-66 2.4728342196077063E-36 2.678727734628036E-206 7.540993539127699E-14 5.531831987285871E-56 3.109529778782764E-15 6.078023905375105E-33 4.1010888859344175E-36 1.342578397709615E-83 2.672685903090751E-24 3.661626345374514E-51 9.670414525345766E-30 5.311268971448497E-76 
23222.09478012527 1.6055342428905522E-51 1.0013184225092013E-66 2.1645427548368766E-36 1.0273808746182282E-32 5.3496059653312345E-14 5.397700987916555E-57 2.2036680669617114E-15 1.3822918152953396E-36 2.3622351480291242E-36 5.562511950307917E-89 1.6480634471469972E-24 2.0407885545803333E-69 7.681451311075569E-30 1.417365586720906 
32783.52792640569 4.621174952780066E-101 4.797455968631617E-20 9.16694469778205E-92 9.447610981052001E-48 6.859981976421122E-19 1.06092057471198E-81 3.108998876806474E-77 2.038613833746678E-12 2.9384426924579217E-39 6.61628183346271E-16 4.7259790329106104E-24 2.0310921913029768E-119 2.3073712551560574E-70 1.4646451381489316E-95 
7609.328948550385 6.240057830235832E-65 2.1455086714365113E-11 2.275214625026679E-92 1.680779227563076E-172 1.200986251263876E-27 1.0376889432244708E-89 9.83392456892945E-81 2.254420555162452E-17 1.3436655496167644E-46 21.370845865116628 1.0638193193463822E-23 2.9191732774164584E-134 2.8286133022870334 4.1793389946094414E-75 
2276.917411940359 1212.99175771984 596.8197633962469 2.0370523539405242E-41 100.55229736090506 58.121865900297784 32.98355351084113 250.93832746592525 8.280925465978955 4.942778074470249 2.0323988206850943E-79 1.3162854812062472 1.6086753177606345E-50 0.013498143181828034 0.014811723446111162 
9.76228850242375 1.242452812751707E-10 3.797161282799185E-95 6.202695734399638E-69 1.7199756460376667 0.13673351985629384 1.2638326138059325E-89 1.0012041986909538E-28 5.161393370327031E-24 4.4888729253071255E-55 1.0931964390313309E-161 15.99999351087643 6.232479865518677E-72 2.212113906313707E-87 4.4110280339151033E-131 
0.0037882871285663984 1.5171384551187659E-5 3379.9564036463807 9.430303700122209E-54 1.5895546739686198E-125 1.0037749209197606E-19 294.180607957923 1.8166988723591944E-26 2.366122306623154E-10 1.245734390219311E-49 1.1711457498249828E-17 2.404222903133806E-24 1.6271354582687866E-27 2.2209046214833297E-89 1.4147311942245755 
1.8396394936649064E-6 1.349656689173009E-100 6.4185797505885415E-31 4096.289208344304 2.0746015923382925E-80 1.0469694925483308E-13 2.540887342168194E-136 5.032459499989885E-83 1.2268394378321933E-18 1.559544310108347E-28 7.243376778154502E-18 8.75174141119019E-15 3.553237018989798E-66 1.533368996871303E-60 1.7228466901654905E-190 
0.0020986097253298946 8.986487684240057E-5 4.0967964993018506E-7 4027.1839450235116 1.890853419596821E-207 1.2099158554424142E-28 3.788116877298708E-76 1.6143769096427232E-25 4.0283501782857175E-18 2.542824811440874E-56 2.2099274129761654E-19 7.1982017955759E-24 2.8334117141140227E-61 3.2663818208682954E-191 0.36637840646114117 
4.2977220111434356E-6 3.037796300693011E-7 1.61793287060046E-30 3.6126418149282585E-6 1.9048151615008585E-76 1.2462419227361254E-24 362.0075505984124 181.03489544801766 2.7416350868916247E-29 5.240723407518865E-53 6.4082474691246145E-12 2.794052008556849E-25 3.6686849879951886E-31 4.272474128538477E-90 5.925121820110862E-102 
9.814337420090439E-5 2.118297216679216E-77 6.180325405180865E-131 2.8471977710968585E-5 1.031909293350684E-6 2.4178489016894414E-52 2.247781112618744E-6 3.5995654538495856E-87 52.395727132264355 2.892118682871039E-51 3.248536352066531E-58 4.3502241869993005E-23 3.703892067389776E-46 1.348548883350318E-91 1.8247623852325074 
14662.781559779442 2.2750217982585012E-6 1.874639790757554E-20 3.853409503321985E-57 8.022585875401682E-53 3.0681999036250465E-19 2.9025455721245833E-87 114.56979896257197 1.2895628767798427E-12 2.3181394154250138E-39 4.1852514161868485E-16 12.388152066137131 2.0301301647204462E-119 3.780890914714177E-91 1.761752240520707E-46 
3.5811146311395815E-7 1.3934417773154206E-65 1.2821873544291512E-32 3.452995691840818E-97 9.469317627158473E-9 8.341029870117422E-39 512.3344725918269 6.135981677471448E-26 2.7441795343327566E-33 9.8375744163553E-13 2.817655585493973E-17 2.0882628584892097E-22 7.311980333470624E-53 3.4485224061876886E-47 3.500635576481656E-130 
907.0079801661789 1.3509583956826426E-115 3.358624656721179E-81 1.5529415948514749E-66 1.4228403047544623E-110 4.5579411611634666E-11 3.668345084074329E-88 1.6246059743045538E-16 129.90730850666907 2.1220791024156516E-56 1.8130958989691097E-16 1.9137542041731043E-24 1.8201001165082343E-62 3.3057569869223904E-91 4.1239966845858234E-135 
6027.506206152985 4.926914568107438E-63 5573.491337845433 2.785260694533182E-88 4.8245936486681E-79 6.235959981132313E-9 7.394413763214797E-7 18.924876765181423 6.467527574636322E-18 1.3655011848426653E-48 0.3661268142100216 11.338637345201423 4.223179465685492E-117 8.76016893936652E-58 1.3099050710137779E-79 
14566.88451633498 1.2123392462634297E-150 1.2700753730715378E-87 7.387017813142693 1.606282391090602E-88 34.389121739646534 4.0742601066437445E-44 6.63346002021784E-68 2.975778698731203E-12 2.42384011770389E-49 1.5687198257883808E-52 1.3193074278584415E-14 2.3721020468596194E-45 2.195436427210729 1.414215576675925 
13968.994774554945 626.4472914617576 2476.196962755509 1593.8944981375728 3.9739567663007065E-203 4.148032576877775E-12 5.242847843794366E-72 71.95300913797513 5.323996083163155 3.442046763121669 2.2507998363646182E-20 0.7069810171064337 1.6861846194774217E-73 3.030777246332225E-144 1.4135997243685519 
23236.173699957897 2.465803610942972E-67 4.4537509850948244E-11 6.671551432238453E-92 3.8531428627724205E-139 2.908390909741909E-17 5.221792172220798E-8 1.4262188111187214E-68 7.601044229560794E-28 1.0046533904393298E-38 7.216513339479398E-58 2.1584509691073266E-15 5.667089599634641 7.538498740352241E-82 1.2342141702708546E-97 
3.750281922592283E-7 4.419989206760703E-62 3.456554562196135E-78 7.501165608974152E-94 6.407339181307367E-9 1.870145851066963E-24 512.2618621990667 2.853850377730972E-15 2.701092721437331E-33 5.447536234674484E-13 1.2822245527236939E-15 2.0642193783756414E-22 7.31094404606021E-53 3.4480336657656575E-47 6.597762845897336E-4 
9.17910279338943E-6 5.947290728322287E-101 1.9798540347744656E-5 5.7063540279654095E-6 7.862176961168003E-64 726.5650890851321 1.1046196533107808E-73 1.9275742353877614E-25 1.9082314542005839E-16 45.412910273706174 2.0480903776287788E-17 0.13114398498201335 5.338837913427144E-66 7.076284349855957E-36 5.0496247416876194E-85 
397.7732227164791 144.0016612333993 87.61959612556691 58.61462842265629 28.233542981392958 11.519332160919433 5.57657112253859 37.835919933755676 126.20691334005375 3.9039006238212464 1.648914837831923E-33 1.0080340591698465 2.138507174108814E-15 0.200559602202815 0.06344615855111996 
72.38216951129962 48.61848105646786 9.332781714924279 2.3687580081993E-38 1447.5407724356571 1.2968488876263716E-19 361.9357960695779 3.290240616065195E-69 25.36818006800917 7.918066879092442E-37 2.358189637761315E-15 0.20215446667083012 1.212437225653991E-62 2.577808752633151E-100 2.7236645719436438E-114 
0.10235352862594545 0.2207101906710211 5.527708044168408E-84 6.189457484211703E-63 1.8004214071968905E-36 7.9298118730934695 2.1375251483806426 5.0565595192418286E-26 2.704967783120785E-32 1.827490513426675E-32 22.635842373930558 1.412415780045007E-16 5.65623217794631 2.933300300360443E-70 7.44721126816153E-77 
5845.730100082414 4826.706079558356 131.02220698758387 696.6620712019843 6.944713208094518E-145 1.971435560599238E-9 4.943325605211619E-87 146.96190802244945 7.552632313879951E-31 4.720820876697024E-13 23.063728327266332 5.787547943324585E-15 0.09389774721135538 0.089770461730858 0.10071089395923011 
22423.91604441504 1.5023983891631297E-65 4.315220804585628E-67 1.2528516664696956E-61 8.470267311868188E-96 181.68295110197164 8.27304551017721E-87 4.402737981379951E-93 6.814388212077944E-21 0.9747575638185402 22.627650615443976 1.607233773217738E-24 2.589098085844233E-32 2.2978018345554437E-228 0.02101519991488805 
0.0014608360147872013 5.850376223976508E-6 1303.3758728646794 666.8424623538546 1.7557651943490904E-126 1.0920746892202524E-14 5.055995539855961E-56 5.8463315034905865E-27 19.08602708499392 41.79018368515403 8.099674939538471E-18 2.4043661156380765E-24 1.510595685767521E-30 2.2210369142554245E-89 1.413620119953813 
