1.7601756146062544 3.456884368911365 7.418613570933596 15.749811583854886 32.78751310453166 58.07025649898086 120.38338433359444 205.05407733394415 524.4687340890997 454.2152378285517 1561.073203006801 1808.3139416768913 5801.969190292874 13024.049337661501 33336.392307460475 
2.0828101179349066 4.166323002620391 8.332433205273832 16.655761358069718 33.31528294823604 66.40775459352305 133.0981130869184 265.74324143911656 419.6155103619364 497.35214919411635 2116.8488762484135 2534.26755841125 2540.07468865542 16864.069422402426 30500.097413722935 
1.4489190501492193 2.794885779831131 6.5920479068282125 14.99147852711468 32.631026399509615 65.67468466783653 111.19805059532263 157.55289950792672 522.4800060067977 904.409894907992 1565.7919371237322 1772.4126498702692 5934.235907929108 12873.257637619066 33372.23619592873 
2.509109593910961 5.302906655482722 9.138603758536277 20.88329213240626 42.37513526837956 67.39879355546071 76.70313562918494 276.8771915614014 674.8744901129188 1376.827538598582 2759.581775555247 2644.934523799125 7976.031371902562 21532.239526203448 23374.811432536164 
2.019499741087222 4.038898894675641 8.075941533389114 16.145360525863627 32.312070127759206 64.56982825930892 129.2493126953748 258.4959549252949 515.464729912884 1030.085184572354 2033.7210498840861 3162.6932780777106 8271.278010513352 4394.25701203668 12032.780415179488 
2.2958798421189415 4.9443496017977075 8.716359288458426 16.24674119617517 38.81194475375695 62.27007041383066 136.71011643333023 135.989392448887 632.4420311060384 601.4350303901682 2407.586583890214 4745.036654360543 10069.616978997246 19929.42680227056 19167.169431529233 
2.3691644662275584 4.738329366717936 9.476623488128391 18.87793009289536 37.906230439354516 75.14635283776579 151.16749408788024 292.34920027826286 590.3090444913696 1165.0114937853202 1286.9001977221074 3090.8549478944833 3906.3003567217875 9011.50025395172 38289.77165751093 
2.565104554261497 5.142245697822701 9.83820622625416 15.70432957911672 40.19631817796196 56.242080172687636 164.53680930689126 225.88923626140124 244.75661256323932 1272.1180346176845 2418.436449650515 5209.453500249035 10237.331126974175 9878.37048670718 32022.650712736075 
2.026287417052923 4.051655305709027 8.096722002913049 16.141295826162843 32.34523869922308 64.35117379934837 129.60081292270175 255.66771973269437 496.4759478473259 981.2557538863607 1380.0367726253946 2192.507593102825 8177.0564757320635 5100.60196753183 19126.4536620878 
2.6401085556786414 5.28018226006141 10.560522353282447 20.946786131028794 42.21930892761015 30.700580330093977 167.86142232346162 168.44423526694382 647.8194428731808 1255.5525708004993 2472.011166092636 3924.049594932027 10803.608932156047 20994.76356219599 21506.813479836645 
2.157977226614805 4.371841336486317 8.677570473271883 16.072171325031217 33.62505612697512 65.98465425734692 139.74189418995383 268.7803838676784 559.5526124162361 1073.3470265425894 950.9555443380742 4460.553767630532 3778.7229928348243 17327.626530662652 15595.420767768008 
2.2604229678981156 4.524874699083 9.004170353767327 18.01442583086939 36.19857578556513 71.32743265483018 137.32668192786957 281.2897690398763 443.00666390287523 404.51030894687267 2105.4759244220536 3434.8693957918713 9147.939085248674 9089.309948223638 21238.305150416534 
1.8832086644177453 4.0363845945012775 7.668799675174703 15.323758507273514 27.88372516014375 65.09937506914477 110.50657632246391 232.06702505141692 485.9862678754579 673.657530391465 2099.41101853635 3100.5423256693657 4330.446173042071 8121.638310031974 18491.78070959973 
2.171223226145031 4.3424479826332325 8.68357693779115 17.369538795618364 34.696174214342975 69.42063645785254 138.8542004311974 276.9503900509869 555.8309828646096 1106.9045261717072 1413.7919013144683 577.6247712542464 5962.145515418979 17304.97271800345 34476.39522097036 
2.088798478385526 4.177988266729302 8.309864550257902 16.536380726367987 33.37791710855024 66.18878208074126 131.0123722847136 261.2164697603786 517.6881641209463 1042.3731159176289 1405.2557369542324 3577.814350242735 5547.5160191657405 17100.060979319507 5035.308080748921 
2.5520115280483413 5.103094412219444 10.140852191383022 20.237312718390847 35.62209760827129 81.45518173027064 124.2805972407016 175.8492733389668 125.27007400578665 1305.9165634057892 2531.32998036523 5178.205484839293 10419.717480267433 15834.741349169291 41443.86738316101 
2.2932542651543106 4.267140300210496 10.176710165687046 20.360674835797166 38.47930807095733 67.4707512333515 89.52692644671615 70.95727483112672 653.9957436918393 1306.730103212281 2094.876352341374 5193.262605357176 8884.496295912486 16345.632627104987 41746.80026238287 
2.674187799319256 5.177183013990827 10.452081140494279 19.170429344076624 42.012753636193644 61.37582611482648 65.8911424274582 307.6919986305866 669.9006990862351 1369.0704378173036 2742.1960455791004 5447.2620057503045 3700.9994088647104 16224.36798465092 43133.89245072501 
2.0329645007218455 4.074449561043046 8.142799219412261 15.897083408129484 32.475137935807176 64.19446539364407 130.5802282339707 255.89231843545937 478.1035412728856 1010.2565786066613 1114.167523660772 3084.2177457052467 3759.6439199889182 11879.343784439132 14624.106200952203 
2.0651385691788136 4.100382753749742 8.167322905040553 15.992329355849028 32.702016237028225 65.33727566311033 123.86405048080218 264.3426946570664 528.1801635742949 1053.2258312787696 2115.7354676561663 2610.6919810129825 8461.8429115902 3196.6417433923807 19103.657089293334 
2.680720391876481 5.309966027008341 10.354090144704905 21.598991931702045 41.89808295434465 86.41846528217252 172.52309880848554 345.8739658818158 306.18060756854834 1325.6178573308077 2757.949272185294 5533.983454109053 4709.7361508339045 18835.80192137135 18754.047651231915 
2.042076226691524 4.082403922446835 8.094942632428902 16.135118849095715 26.841101531070436 65.12864982579089 87.49344823250932 257.2962282546304 225.7857343467743 429.944482063609 2030.2927296505238 4182.202805106824 5359.252915118994 12671.341872438 33164.382072812674 
2.7018781989362455 5.456357820870877 9.449840928586793 14.890308999241785 42.32057389621979 68.4082466617923 174.70957029058027 208.2713455264926 699.9882499424277 1393.2193457095607 2716.8259655929705 5525.399737858214 6315.467921424401 7071.309782572496 43654.44037245864 
2.1613155831166275 4.320326689897579 8.589175371731606 16.58530219778961 32.826663616475535 57.95836128470824 136.34997740211037 168.01270505520066 553.6032606373847 1033.3101838970679 2194.7728856030067 4428.826085099077 5701.0275474114915 12512.18113415668 8060.8746581407795 
2.2416436416290466 4.485408631746947 8.935898531183483 17.707503557164294 35.842633899250295 70.75620472193975 143.0759893895887 277.0878166169035 572.9714589020272 1099.9579689701773 2235.0464142261562 2415.8189217390373 5810.882503121224 4583.93004269475 26820.042518210554 
2.057569361910588 4.116096630909097 8.230686237888582 16.446506723711803 32.885682895916645 65.85049192895025 131.5213929330543 263.1517702184778 522.4004063859762 1042.4093323127156 1468.4010227086403 2183.7780811179637 4084.0241514262198 14134.720825334869 12830.753383398733 
2.0877289423806906 4.184442344585737 8.342506839854202 16.258798543625392 32.963741520300516 64.64134073041858 123.43803872060805 231.24604408812954 531.2775915828474 888.1999975349199 574.6277937154363 4205.603845369708 8538.704975445686 17100.499986506322 12386.90713077988 
2.4747922554534467 4.947938400249226 9.852126486827212 19.66957872664168 35.85818253885428 79.05216941367159 130.69880033587268 210.42620507677125 260.3895397195161 1263.4852734954943 2487.4029772956965 5036.0606863871235 4001.211673032299 12852.678101075422 40202.56427328782 
2.2130451359250993 4.448256236088237 8.890461763134759 17.518745148132954 35.57377919646802 65.41607499209607 137.28637896879485 264.1541614391812 489.81534634237255 613.8967035698583 1777.2965717027353 2663.478831782339 2884.006644522138 14161.394542799095 32521.30781567428 
1.9187892715137838 2.883703442680245 10.672943876000453 21.361567627678003 35.934127285483655 22.1423425377282 167.77012110609667 335.5187968163432 679.4686827459399 1325.6814101072794 2220.2249706388643 5399.707645428703 9392.638349683386 17085.116904306135 44051.18082032698 
2.4707266085174644 4.920219783150542 9.700435292082267 19.77144437966913 39.55040672957475 79.03553575226589 93.12594023711426 315.2014108283539 632.6413165386069 1265.569421665371 2530.437506608271 545.6634791219093 9601.505378477257 19927.736109394828 33322.201405786094 
2.4789610814218492 4.956321970442908 9.854069326205027 19.66709847431689 34.86240363734956 79.14560414629395 123.09517182950665 181.8021490573835 158.16510690717118 1268.595052096837 2464.552214419219 5033.361012768888 6505.535095898309 15381.59526502602 40257.85961692631 
2.0088084341663297 4.017616899722869 8.035231984897095 16.070458230933415 32.14093318590046 64.28182163503445 128.56356678161765 257.1267585202795 514.2474339454026 1028.5096884579032 2056.7868433162384 4104.0282517006735 760.6656496229049 14584.439610440253 19608.012330108882 
2.0761060330752086 4.1522120639909605 8.304424009591099 16.597550134614607 33.206865230293936 66.43495814581335 132.7059292612296 265.71724392058877 530.4522586111931 1059.9634786257418 2035.4870406435145 1091.304495847602 8442.520610380307 13981.916352739667 12130.593131319127 
2.5367380721741304 5.116650420834024 8.989082503305596 17.65834882866673 40.33690162249612 73.19075067689201 102.60081570053177 232.3672046894327 227.39761659541057 1284.089873875036 2507.568003157861 5160.031911898126 10289.568143126044 9656.92702192074 41949.690312872626 
2.1215363422357285 4.243072684471457 8.486145368942914 16.77850526644146 33.45921018413878 67.8859483397997 89.09359508648868 212.6762749205196 452.3505265447173 994.8400705295592 2169.5647066305623 2647.1886633058734 3703.6326670892786 9889.707092440814 22141.072949123467 
2.015805652878587 4.0315905727851575 8.059970687276497 16.128132774583403 32.24836036105577 64.51386419680192 128.83944718269757 257.61284450202095 514.475032297379 1027.9898051104346 1930.0045856684778 531.5971677146861 7793.4400197970635 8724.140540441866 29579.095626664286 
2.2591789478366024 4.518357895673205 9.03671579134641 18.07343158269282 36.14686316538564 72.29372633077128 144.58745266154256 289.1749053230851 578.3498106461702 1156.6996212923405 370.61452347456446 4606.051728914941 4831.612589012328 17740.20078373718 27603.143333207685 
2.609183233860952 5.217030988656851 10.279985541159462 16.481737423448802 41.75663774619272 60.388276320252494 134.5969063949154 229.01220136466384 244.01473510789305 1291.9550411051864 2455.0326565060845 5291.761449105387 10399.671973116856 10139.769973576942 33083.64466585088 
2.2956028666988795 4.591024948153451 9.18128897726564 18.36383078405037 36.72687236713319 73.4530944692266 145.045894064608 289.5167229088646 587.5975851297393 415.6783339283619 1776.246237227393 2245.8820487545418 9273.573844124205 9539.040957467323 34615.76613113479 
2.0113485424278985 4.022389143268006 8.040492849753074 16.070675693637984 32.182809814667905 64.27728603713025 128.71753558940378 256.82537629125466 509.34386534930803 1017.6056297983306 1161.1968124277132 2470.8677697335797 8181.486207177515 3463.285468993989 27700.812672665324 
2.0563180518199147 4.112636103639829 8.225272207279659 16.450544414559317 32.901088829118635 65.80217765823727 131.60435531647454 263.2087106329491 526.4174212658982 1052.8348425317963 2076.126643357276 4118.658247743064 3017.6147744284503 9035.733798677775 13126.310237860856 
2.098837667855932 4.197675515300889 8.395344412755039 16.790700925918244 33.581362291134376 67.16178961506618 134.32463044081183 268.6470320784045 537.2966196779946 1074.595991598604 2148.6988733657063 4297.311812882915 3062.7262866911938 10093.552506005512 12232.888967506538 
2.010575171249995 4.021131442275118 8.041913855831334 16.08384516713499 32.1693830111285 64.33283616706139 128.67764974560396 257.3547429337961 513.4371808816661 1026.4561240772655 2032.9562497354423 3384.482138706762 6780.904345106491 1060.4898686027025 24768.958444040414 
2.227273352397006 4.454546704794012 8.909093409588024 15.790706230771844 30.691591526615284 49.36322781663604 135.7647477206318 270.34950976832056 478.51397326531725 1055.293992866553 2280.727912854534 4546.340906109277 5560.483562209073 12899.200193070066 8258.57105877142 
2.4361645627618316 4.872329125523663 9.741374045298329 19.427311958611817 38.019818905610556 77.95726600837861 60.64117042526365 220.75829984067 623.6581280670289 340.3503260073899 2356.512886291334 4538.654658313176 9978.530049072462 19411.541503463326 39914.12019628985 
2.0601322705616525 4.120264541123305 8.24052908224661 16.48105816449322 32.96211632898644 65.92423265797288 131.60992412077607 262.97118152188114 523.0781475121885 1043.8477818860822 2021.9692747397914 3957.7490928325606 3325.232630407557 3518.0318992428934 32960.43626556327 
2.6559246378458825 5.352456485092297 10.89499963303737 20.469764664991942 43.570987267528324 83.50427714594677 169.5750602618291 318.7917870996869 699.1747036850803 1354.203229017757 1195.4600573979658 5507.5128725537825 6252.676026512624 7215.317626619846 43759.69253809257 
2.1623550488809595 4.300414758891093 8.613514516096622 16.861602537413194 34.5258875370287 64.20311986086045 107.79952721331522 267.2629066662346 550.4774997435225 781.4101787515966 2217.2714075874505 4439.562623954092 5662.179398133077 2676.1705568843067 34820.762711953466 
2.004945481631216 4.013787029614583 7.960887586713247 15.622472926597796 31.99167706728811 63.07789676585397 127.08824067856531 250.8579656015326 500.1322612451817 1010.7822175657645 856.5134696983828 3308.6457757555904 3084.703419660747 9303.29145143323 26908.044629414726 
2.0244312158205604 4.046655635287351 8.087107163994531 15.921178924408597 32.36553560653002 63.605917275034244 124.19428034561543 239.99009697172548 493.2672706447244 1009.4080977675129 1325.788640354048 2711.982044680072 8277.469135674533 6924.250548382295 12220.795396108957 
2.472410282210055 5.014500303780256 7.347970462161152 13.997809135630957 38.984410592360085 81.21927290448562 45.70328378877637 307.2150266525685 622.7594537468359 1270.3524509139852 2479.192663571175 5144.396021732272 10171.943072431806 9418.10545375204 41298.25533420549 
2.030931104135399 4.070934578044258 8.135380712635861 15.835785156640407 32.17369874427631 63.91818388954312 130.47264609116183 257.3149490301373 474.0203281227903 1006.318295507329 1029.0176089965553 2987.313002017308 3539.511307536643 16162.443001117737 14613.36365026034 
2.1503892632414154 4.300586904287984 8.601295003519494 17.199856120501487 34.20380377453975 67.84719383314346 132.95606087214495 269.187487188978 540.8147609010883 1100.632078002917 614.9930332787578 4353.273774296343 2738.822921024331 16647.888265290443 34508.09626113181 
2.295451318257278 4.590902636514556 9.181805273029113 18.363610546058226 32.65777382608817 54.33066691865596 79.07660398609931 293.8177687369316 551.1044174484401 1170.0700224122968 2350.542149895453 4701.084299790906 9402.168599581812 3039.366364923129 37608.489527166596 
2.075461402080428 4.15092254231248 8.291181657498688 13.56275182174256 33.17483034240857 56.626208770125935 127.80946349114299 215.38975300770744 481.1862347304404 835.3943640850338 1342.3852174757349 2731.095018211133 3095.2509222311087 17002.18496240885 19378.0577692544 
2.00061327233712 4.001219003078967 8.002277871048648 16.00416372447777 32.0026516800383 64.00419365893475 128.0385742127145 255.97857623998388 511.3275829132978 1022.4813314641054 1911.9089926801805 3849.3406606522417 303.3058376243861 12467.642992966968 29980.50483599722 
2.6837537366309405 5.377322875118306 10.389029324636605 17.462672862972884 42.23605624121174 64.39133782717009 169.8517376235158 167.33200478950525 173.54853479706094 1321.3714024710644 2686.4811064285245 5436.4485915981095 10374.618453898043 16187.305731556866 43618.82913401626 
2.0041483371545556 3.9620557172502244 6.7232198995906645 15.644681762204195 31.694149763016593 46.001678831138776 119.43847065059329 190.96722243915397 417.69840246006527 716.790903318858 1868.053095783614 4093.8445039712124 3804.599217151158 7565.548641402634 22277.464529342196 
2.0084795286412085 4.016619757230169 8.020982408620748 16.016975915955577 32.078501172434784 64.03180484238419 128.3059001364561 255.25405457412322 507.07122664151274 1027.9579362797167 1160.8587208851584 2411.3936960005954 7831.974629343092 3326.733367647373 32892.537241464044 
2.022071744428534 4.044142227846426 8.08826048938431 16.176496209658126 31.868564141242665 64.6896759229651 129.30285108952373 258.71525182482395 505.91362806141944 1029.5287362226422 1172.3740931927723 2571.075903647948 7511.5231804409905 3121.46945451428 33104.104301789135 
2.0472048947630115 4.110693225538259 7.7391139838479335 16.387163735325778 32.78726925537879 37.53833013011294 123.7588311595616 171.24398086734962 410.69753941694637 259.41562774462733 2053.277941924583 4103.634025536203 8347.22830768343 16839.29240748348 25269.928680303452 
2.103794915078125 4.206871256009766 8.402841609398646 16.830235786215663 33.66272377892916 67.15077879701897 134.45370390578395 268.46102287338886 537.441034393536 1070.9671458917564 1715.2786792853358 3337.9615873773378 1912.6682515314346 8163.002331308264 29005.20365803399 
2.0773109175224107 4.154621835044821 8.309243670089643 16.618487340179286 33.23697468035857 66.47394936071714 132.94789872143429 265.89579744286857 531.7915948857371 1063.5831897714743 2127.1663795429486 4254.332759085897 8508.665518171794 1219.4168584509273 21383.106717168113 
3.036116301251348 6.07223259721958 12.144464800976426 24.288794466252625 48.5778360945052 96.99707733066795 144.4525260035001 310.06918548013346 185.04664526399256 1500.532719450395 2837.808715146791 2799.2651249343007 12421.797520792117 24725.1719342464 47730.891313559056 
2.097235269976942 4.195289685619776 8.378416644647743 16.77954847829277 33.537387316405216 66.27322530328453 131.38712676890015 258.5259530267115 525.516584740314 1061.0923856505754 1215.2156581095876 2272.442600862726 7712.272095588687 10009.979335459751 12576.314739815994 
1.3468393965909071 4.07544797410796 4.837890889841765 17.627019042757638 35.254038085515276 70.50807617103055 140.87936622033865 270.27120280497763 564.0646093682444 779.3764598931625 2194.8426165566816 4512.516874945955 9025.03374989191 12418.394191128331 12035.695057208228 
2.1204219905417974 1.6274314431659387 8.910065273911593 16.478299932792726 35.33325652692973 52.53471559160511 128.37102453793233 278.34793419542234 570.2568770779546 1140.5172052964408 2281.0344105928816 4195.657241350771 8172.3221150146055 18246.633276058645 10894.223255308565 
1.9462352425919613 4.330147930859681 1.6914194615677445 17.320591723438724 28.923654418213115 63.84356094005436 138.5647337875098 235.2985082870094 554.2589351500392 1101.3201414443056 2210.3677154006346 3890.005332220999 8801.330074261674 17736.285924801254 17009.735080020215 
2.0528382090017487 4.1056764180034975 8.211352836006995 2.1667427203436334 32.84541134402798 57.572643455798655 131.38164537611192 259.1309793976726 516.4519219540673 991.5302197030992 2049.043823983289 4151.311622056457 8408.425304071163 16506.429078300847 17631.711812792528 
2.13838828170241 4.27385702469688 8.430773629892034 16.281769161742837 2.550317943987623 68.83098207386092 109.85182196063221 233.18702217609612 550.6478565908874 1101.2957131817748 2202.5914263635495 4405.182852727099 8810.365705454198 16983.440700574603 25667.9050742116 
2.269536720733754 4.539073441467508 9.078146882935016 18.156293765870032 36.312587531740064 3.1054013978723516 145.25035012696026 290.5007002539205 581.001400507841 1162.0021222152222 1746.7265974032632 4648.011204062728 9076.410830024617 18523.679116311818 31742.378673141196 
2.1692464509925884 4.338492901985177 8.676985803970354 17.353971607940707 34.707943215881414 69.41588643176283 2.520814687084946 259.5404168354896 539.7985239132868 1108.1092913555806 2156.7938556693375 4440.779997734043 8805.778621846142 17483.94932280863 29410.354980371358 
2.2254043455156562 4.4508086910313125 8.901617382062625 17.80323476412525 35.6064695282505 71.212939056501 142.42587811300197 2.1756571385273027 550.2193494808248 1068.5182243975667 2241.709014607955 4551.66408840326 8919.550341176944 18203.70139359597 32917.17723709891 
2.0997973851735168 4.1995947703470335 8.399189540694067 16.798379081388134 33.59675816277627 67.19351632555254 134.38703265110507 268.77406530221015 2.930443162792037 1044.9240806844123 2061.3005495562747 4300.385044835362 8444.793145226544 17144.652108826696 31318.921329501547 
2.114451572207841 4.228903144415682 8.457806288831364 16.915612577662728 33.831225155325455 67.66245031065091 131.05084291892828 270.64980124260364 539.159341719008 2.7438280934066595 2118.4158850680255 4330.396819881658 8660.793639763317 17321.587279526633 32569.632540637984 
2.0778364594058445 4.155672918811689 8.311345837623378 16.622691675246756 33.24538335049351 66.49076670098702 132.98153340197405 265.9630668039481 531.9261336078962 1063.8522672157924 1.514448286231147 4255.4090688631695 8510.818137726339 17021.613248257767 32759.04917747231 
2.0346982950368613 4.069396590073723 8.138793180147445 16.27758636029489 32.55517272058978 65.11034544117956 130.22069088235912 260.44138176471824 520.8827635294365 1041.765527058873 2083.5310541177455 2.782907583123826 8233.568171380639 16668.248432941968 32186.680230622915 
2.001052433310633 4.002104866621266 8.004209733242533 16.008419466485066 32.01683893297013 64.03367786594026 128.06735573188053 256.13471146376105 512.2694229275221 1024.5388458550442 2049.0776917100884 4098.155383420177 2.4550232457000805 16392.621533680707 31982.864206383525 
2.000514407476001 4.001028798329086 8.002056650807027 16.00411118466875 32.00822990550426 64.01644432102104 128.03291996923582 256.065726257811 512.1311717465956 1024.262116597969 2048.499300609063 4096.806582375037 8122.6820192745045 2.7272164948233364 32251.17100744594 
2.000390804201512 4.00078183743692 8.001555201743578 16.003082834817636 32.006247815499776 64.01231555399693 128.02500555620867 256.04849946698783 512.0944121319203 1024.1860443112048 2047.4145363184098 4092.9375662395832 3278.050847969511 3276.6137441211113 32684.607996640487 
2.0017746858876677 4.003549371775335 8.00709874355067 16.01419748710134 32.02839497420268 64.05678994840537 128.11357989681073 256.22715979362147 512.4543195872429 1024.9086391744859 2049.8172783489717 2155.8161057093757 8199.269113395887 1960.9544937228293 32565.99897985163 
2.032901648660655 4.06580329732131 8.13160659464262 16.26321318928524 32.52642637857048 65.05285275714095 130.1057055142819 253.1698946304996 519.1114205607761 1020.465640704 2058.3281391506775 1693.981527512319 1629.2608357896934 16628.30909737296 33307.06061165617 
2.041241464723285 4.08248292944657 8.16496585889314 16.32993171778628 32.65986343557256 65.31972687114512 130.63945374229024 261.2789074845805 522.557814969161 1045.115629938322 1326.050118460355 3691.4731662252966 7945.231011754382 1304.1633917747702 33134.045556082245 
2.0027001453440345 4.005412867391512 8.010566165021245 16.020576597923878 32.02904569329111 63.999916976594186 127.53569954799677 254.54170414478432 489.0829355393627 1016.5958840513584 1076.083810692516 4050.83759134049 1007.4225790028163 15635.003808697493 32683.03522873295 
2.0051642625153034 4.028155074698333 8.052686527303335 16.104476344290713 32.22524059758666 64.04510201517574 128.54054392396063 240.95232451888853 499.8057877306767 882.3445954283143 849.8113033379673 858.8790785900525 8249.661592982186 16377.761221419338 31843.050194395837 
2.0780486914962353 4.156097382992471 8.312194765984941 16.624389531969882 33.248779063939764 66.49755812787953 132.99511625575906 265.9902325115181 531.9804650230362 827.8014319358605 1889.6785254872616 3988.93195103681 7055.000690297718 832.4850152670721 33375.40919307347 
2.0595545553249366 4.119109110649873 8.238218221299746 16.476436442599493 32.952872885198985 65.90574577039797 127.02723163628976 259.8865290712425 499.86782546166836 649.1433477026864 2040.7671762090347 4148.626454619182 675.4299520476371 16523.987490306197 33743.74183444376 
2.0778906508494206 4.1906810532982 8.353683045230614 16.79353774208751 33.379972150227196 65.05677846006132 131.64549041959484 259.22184393250626 517.7397614121579 550.1877684530499 2150.6175321272603 572.2107481657787 8597.174196784987 17138.082715442168 31838.593636026315 
2.049717938205518 4.099435876411036 8.198871752822072 16.397743505644144 32.79548701128829 65.59097402257657 131.18194804515315 262.3638960903063 524.7277921806126 419.7931088222731 423.0642141155235 4083.407882845059 8395.644674889802 16470.166925177695 32324.584285189467 
2.0306456034996083 4.052320194387348 8.014090896757297 15.930340905106046 32.40530712551959 64.68266827100757 127.39087262145073 259.47064473026234 450.7311520718506 1012.1760087610753 2076.6697018939535 3455.3109773848196 8170.187891498832 410.1510773400645 33093.16439931212 
2.129137946357876 4.292632915118869 8.140246251280555 17.070948996232143 33.11819062495214 63.3475976497356 134.66158970836878 275.48043237825914 413.81616143779075 1074.5811088476157 2187.1800490888845 4407.686918052146 357.7370330882448 17630.747672208585 32686.403585563152 
2.095469210583232 4.190938421166464 8.241886454316438 16.711041100695237 33.51519182700666 65.12089885322736 120.64399362770008 256.4295484211303 344.1554825040062 979.5961534815322 2143.075722060827 347.11833175812643 8583.04188654892 17151.230069404468 31662.614041121684 
2.0181996613575937 4.011348116583252 7.978492383338546 15.688567600948993 32.36321502795431 62.86656164210066 122.25872238839575 258.9057202236345 284.42713860765843 864.9381674723838 260.1389257599905 4142.491523578152 8284.983047156304 16569.966094312607 33139.932188625215 
2.079072844086525 4.15814568817305 8.3162913763461 16.6325827526922 33.2651655053844 66.5303310107688 133.0606620215376 266.1213240430752 212.08449981665234 215.0393596890802 2128.9705923446018 4257.9411846892035 8515.882369378407 16398.684720659232 34063.52947751363 
2.043459008796141 4.092797534167221 8.177441812770745 16.36414961901497 31.447664559249805 61.74090447193238 119.74401604360689 236.82591299618448 501.38000977469824 1032.7009144126093 2095.926874491168 4191.853748982336 8383.707497964671 198.60693292175162 33534.829991858685 
2.084586908438311 4.169173816876622 8.338347633753244 16.67669526750649 30.411308659338328 66.03952408839335 130.73593377613284 226.89747379299712 505.4174084824444 1067.3084971204153 2083.3935022301653 3841.801111238326 202.38762424649767 16178.635863476025 34153.87190785329 
2.061998517843438 4.124027050658003 8.242446426160669 16.280963564973195 32.7440718665975 62.38843615546855 121.67749617733158 216.57035754221508 500.5716596467129 1026.93488511248 2059.0881985085907 154.79697347316636 7127.37461191932 16303.010218803709 32843.27797978284 
2.3788293098878626 4.757658619775725 9.51531723955145 19.0306344791029 38.0612689582058 76.1225379164116 130.25415978533528 201.6141867214919 608.9803033312928 1210.5017379967483 171.5944557355049 4871.8424266503425 9743.684853300685 19487.36970660137 37824.23509791371 
1.97348603763816 3.9577686577867857 8.159983116257633 15.169452906257982 32.63473417037584 59.86705095909577 105.9011565925406 157.0670607215488 525.3283342105045 151.89382533718234 1800.9012797207113 4147.4243641616895 8110.748280375422 15546.26195359149 28744.10501835461 
2.1697236223609 4.339422845017285 8.300308144818526 15.204362584814202 34.29945867868417 69.0875068769786 121.71442975762625 115.18005173092477 121.73081172849076 1074.4256850886734 2192.682649709892 4019.016591466873 8455.094355952933 17779.25784967991 34045.812902316575 
2.000601748715353 4.015339631145345 7.962947535609421 15.947478990033455 31.318777495952283 61.484488503612155 123.2580911542694 250.48654947702747 502.3338693425609 1007.4931119465386 1971.7118088150212 4004.3851031283043 8211.76200780759 72.37989819661418 32931.37808150565 
2.0849927536851425 4.169985507370285 8.26054886045143 16.02169958525239 33.34948411988008 65.43629942653155 127.11531243485032 257.37056832326454 517.8720127638952 1025.3086820348033 1959.2696566218392 3934.693273246622 91.27406525399202 17080.260638188687 33537.54682161966 
2.0629328247551797 4.125865649510359 8.140057685570659 16.15586712527105 33.006925196082875 63.8506701704743 109.89502024194432 264.055401568663 458.3941727544039 1028.0977049767496 2098.605611016069 109.98025705291504 8449.772850197216 16899.545700394432 31827.14272838352 
2.0753973641685945 4.150794728337189 8.301589456674378 16.603178913348756 33.20635782669751 66.41271565339503 93.43753559598711 265.6508626135801 514.3737745970566 1062.6034504543204 96.71991219840443 4250.413801817282 8500.827603634563 17001.655207269127 34003.31041453825 
2.086564209831508 4.173128419663016 8.346256839326031 16.692513678652062 33.385027357304125 66.77005471460825 86.09270047709116 264.7915490870843 534.160437716866 69.81602105219125 2136.641750867464 4273.283501734928 8546.567003469856 17093.134006939712 33816.78637251172 
2.094627598535979 4.189255197071958 8.378510394143916 16.757020788287832 33.514041576575664 67.02808315315133 74.50418297211323 268.1123326126053 72.47228840691122 831.564264039798 2144.8986609008425 4010.231798114901 8579.59464360337 17159.18928720674 34318.37857441348 
2.2241818798939477 4.448363759787895 8.89672751957579 17.162729486756763 34.87688320159294 70.77959731328554 57.025486916766276 59.085700921200306 569.3905612528506 1138.7811225057012 2277.5622450114024 4106.022524099078 9110.24898004561 18220.49796009122 35112.09147970427 
2.005515995453257 4.009906495433775 7.968607938821055 15.981993028954488 31.26771600407129 62.73837034512005 124.16348070996155 257.05045751673464 506.6448332792576 1031.0269860219923 2062.0539720439847 4025.223889928426 8248.215888175939 33.0219342577363 32992.863552703755 
2.0457079082076453 4.098881199686218 8.152820531628223 16.295370108792472 32.71264707448147 60.5520309836474 130.41794083610964 254.5003684076636 506.1888963471197 1030.0450757904982 2035.6802097706636 4149.230614348795 39.922271429057226 16782.42559740728 33578.0347878295 
2.019721896019268 4.039887565776027 8.05052720893302 15.911381257630781 32.17711582728354 62.30877529875769 124.37251821612504 238.47011344646762 487.5549255378757 988.1650166998566 1919.3089061486423 60.65332878006182 7550.624682865252 16213.517992352714 32164.11782898694 
2.0868722157956787 4.173995013880015 8.34121491078571 16.677495857194128 32.747254015697195 57.02827359155346 128.1085666568027 261.7343125466287 533.2457122128994 1056.7287394436921 28.104467241516268 4203.02691088333 8548.833053042646 17097.619857141046 32703.002958378067 
2.080696600674399 4.191125554098274 8.227983391512462 16.73520756721941 33.27447741451958 51.216261909070184 117.08686924733742 230.2835352906489 537.0830809356397 56.17834871876003 2067.7263796140865 4228.4704490705435 8641.081530790136 16972.81479187173 34564.32612316054 
2.2315249364489347 4.295920392753413 7.971175220849298 16.39062066441147 33.76256748379942 47.087611235123624 142.81759593273182 256.0512500490857 44.34891390742517 1142.5407674618546 2285.081534923709 4570.163069847418 9140.326139694836 18280.652279389673 36561.304558779346 
2.1211291569210666 4.195086016921681 8.182830328759822 15.462345849843949 27.379999369655867 41.72910393846351 118.00403795801782 33.555869276743366 509.2564417214124 967.5399550778417 2073.869493440438 4341.6290515652645 8686.624185645522 17394.725979937706 34789.45195987541 
2.3374215508427842 4.78234856029703 8.662804404980434 17.26395161842692 36.996138393844795 31.539294990091037 33.06938503870749 310.67025748630476 621.3405149726095 1242.681029945219 2485.362059890438 4970.724119780876 9941.448239561752 19882.896479123505 39765.79295824701 
2.0035949009088103 4.00860835583012 7.987413041716174 15.929661295506925 31.838350816902672 63.194446343958084 127.48191826296343 255.2138348706702 510.3105424350621 1023.3341872319256 1963.5206534952465 4015.897382413511 8014.347894809693 27.427823305437933 32838.51965096034 
2.000838976486861 4.001677952973722 7.997012352223025 15.94645494362488 31.912041064676643 63.66754571082686 128.0536944951591 255.2136529718323 511.50642790610647 1020.8264867015426 2019.9301812116246 4054.014772314124 1.634266523138066 16362.994892589966 32781.74579076073 
2.000393827128896 4.001144833738969 7.999204490619535 15.987870012391927 32.00426018007344 63.941478468497934 128.00573134262868 255.50259416686094 509.6376387649453 1018.7757842347156 1911.8351818462047 18.572953586608218 7648.900598945244 16332.03701228682 32479.470874613107 
2.010654555670754 4.024952932528497 8.022057971065038 15.75091241713052 31.524075242888006 63.36360269113984 126.9770840631568 257.04058575202714 482.6521102832027 1030.376502814777 13.539784611262172 3979.807499681644 8199.303197973932 15174.485297472082 32582.234163560028 
2.132649920176082 4.405922066978093 7.9882947933338055 16.893538999433677 30.737675404640736 63.93357670980524 126.81504069066511 273.43239654337737 563.9580245731959 27.870809493687037 2255.8320982927835 4511.664196585567 9023.328393171134 17400.69509778305 36093.313572684536 
1.9695047959190213 3.940496917708785 7.4170306781601205 14.764026730243302 28.021920286209394 65.67804953864561 100.81802015076634 262.71219815458244 27.062014277395637 1050.8487926183298 2006.1716483745931 4203.395170473319 8406.790340946638 16813.580681893276 33627.16136378655 
2.2237690102046264 4.38269357543405 8.54198701708 15.19728021366966 26.637720837518597 56.93654801432203 121.33219426205486 24.01797724257677 535.7199013471144 1144.1232719018662 2182.5310897675436 4528.925590996269 9141.686252308577 18243.659911848645 36039.22952548941 
2.559815102931438 5.119630205862876 10.239260411725752 20.478520823451504 22.519276327283233 66.86238356135037 21.67658474543464 298.44986690964686 655.3126663504481 1310.6253327008963 2483.699203964183 5242.501330803585 10485.00266160717 20970.00532321434 41940.01064642868 
2.170546172662658 4.306876893995998 8.110087492675179 15.481365615920229 14.88632207069428 15.563418545182442 139.76956863967007 279.53913727934014 559.0782745586803 873.322147596955 2236.313098234721 4472.626196469442 8945.252392938884 17890.50478587777 35453.84549164292 
2.0036707557619966 4.013489208749462 7.989996590208131 15.918175844845535 31.967020848941377 63.830335680078015 128.43165467998278 256.80753822103543 506.0751991868473 1015.0222970765429 2034.9672334179616 4090.622373650055 8147.2302768421605 5.854960787823089 32878.50359807559 
2.0106790997614787 4.023774902246912 8.003122236059946 15.91885293572297 31.985418006141764 62.33205328557982 128.63190784003177 252.5923520114136 509.164045582948 1017.0967080177406 1991.186942387392 4040.4798775563204 14.217329406669661 16468.954933634817 32972.42293882952 
2.003993157806366 4.008522902873394 7.999981586001218 15.951147573661288 32.0793658270897 63.57248008701955 127.3974635571261 252.88264237109553 501.85091274296155 1003.7360965529152 1940.7596531149443 12.028309896399698 8055.257783589604 16317.72982787306 31882.767018626 
2.010654555670754 4.024952932528497 8.022057971065038 15.75091241713052 31.524075242888006 63.36360269113984 126.9770840631568 257.04058575202714 482.6521102832027 1030.376502814777 13.539784611262172 3979.807499681644 8199.303197973932 15174.485297472082 32582.234163560028 
2.0225120080578844 3.9994634683917445 7.913550396899253 16.185988843386056 32.841928803799874 62.471562295417 121.5980791456683 255.1014224185256 501.45934450030535 8.501094566597034 2041.8830899542047 4144.088824828698 8351.431474462557 16815.067547545535 32201.263793945265 
2.050623830755342 4.032681996999263 7.96674169834074 13.48562634028345 30.034837029411335 64.86175359488432 126.39800170690953 254.51450866112054 11.651544505818826 1050.1638660544122 2043.7883656694853 4200.655464217649 8198.94225005985 16653.95614806853 33605.24371374119 
2.0922928915210806 4.20093234800739 7.894189947306214 15.281042286313633 31.594485588030395 62.39339025975739 109.96556968648937 12.663221588490854 516.3059897233297 995.6704935434191 1922.6985690070424 4093.2218982819363 8682.13181860064 17364.26363720128 32543.754137390373 
2.093341104183864 4.186682208367728 6.770157601050667 11.654401322383976 29.17474256037904 66.86742144833538 11.270416235475745 267.9476613355346 535.8953226710692 1071.7906453421383 2143.5812906842766 4287.162581368553 7509.620866910365 17148.650325474213 34297.300650948426 
2.3017443686175625 4.603488737235125 7.236889215670213 11.650148316020658 25.833818052510832 11.036475804704335 144.3865246626699 294.623279183048 589.246558366096 1178.493116732192 2356.986233464384 4713.972466928768 8665.896962645042 18447.174545445145 37711.779735430144 
2.067626324153966 4.191274822699529 7.5458988352797185 7.81562252027308 5.446326047355484 67.27126714200858 134.54253428401717 269.08506856803433 538.1701371360687 1058.0523497386378 2152.6805485442746 4305.361097088549 8610.722194177099 17221.444388354197 34442.888776708394 
2.0036707557619966 4.013489208749462 7.989996590208131 15.918175844845535 31.967020848941377 63.830335680078015 128.43165467998278 256.80753822103543 506.0751991868473 1015.0222970765429 2034.9672334179616 4090.622373650055 8147.2302768421605 5.854960787823089 32878.50359807559 
2.000207980594273 4.000365783143509 7.9996823411292795 15.992688625342039 31.989798310347748 63.941780490686476 128.0136074518423 255.76838236831935 509.50373285919414 1021.1738361985036 2017.4780471906945 4005.687124169253 3.1680097034811814 16309.566206943211 32771.483507671626 
2.000595591879278 4.0011911053277105 8.002184920255253 16.001619234261938 32.00894892354965 64.00280369995338 128.0196652400629 255.96709566079 511.3595439396571 1022.3206257098759 2004.1940392892554 5.464567359750807 7875.747954225027 16158.026818102831 32061.137323488845 
2.0018434187153886 4.005944972449486 7.997461500294615 15.754612120749565 31.97200945931132 63.93542803376849 128.1425482733424 256.30916235363156 497.87882609509273 1025.375405895236 7.8590753570838 3841.3201065360718 8195.725998194503 15598.691391603925 32810.53357182258 
2.04714747419321 4.09429494838642 8.18858989677284 16.37717979354568 32.75435958709136 65.50871917418272 130.27553813227667 262.00840744186223 522.4590590738968 0.0483887928499235 2096.279013573847 4192.558027147694 8325.346419088237 16770.232108590775 33540.46421718155 
2.051283805812119 3.9536249217304515 7.571711144437336 14.662150647962264 31.432264928052895 64.05823546561761 120.90685723430065 262.56432714395123 7.202147598968322 1050.257308575805 2100.51461715161 4201.02923430322 8402.05846860644 16804.11693721288 33608.23387442576 
2.0928062238227523 4.209532926228054 8.026534988711019 15.862043835920833 32.0423159857154 66.02907737786478 117.82530602021482 5.376694734778335 504.2999015001796 1037.7988678565605 2095.0264753109304 4207.754205448279 8559.579241034915 17325.75867436279 32455.811519679384 
2.253057450339611 4.506114900679222 7.154943871167532 15.343489938232743 35.28634552160183 69.32706085279683 5.519759950491831 288.3913536434702 552.2941752462609 1153.5654145738808 2285.8490136225328 4614.261658295523 8621.008498534102 18254.940503604466 35169.5285546727 
2.3158018745246998 4.6281279550184085 7.557406598238892 16.27075155556211 30.002067361213985 7.5528399079027 104.4664150068734 262.12397715425254 595.5131715639363 1191.0263431278727 2323.547262868209 4764.105372511491 9528.210745022981 19056.421490045963 38112.842980091926 
1.8825580098656123 3.8663219425858784 5.823988950598341 10.362728716517287 5.742131714527812 60.380620918658316 128.90959405817972 261.92154669984666 504.20908914253374 1043.627271941042 2071.2545056793574 4190.7447471975465 8370.497481861097 16186.393396937428 23830.709919369576 
1.844169348706691 3.9370606390345455 4.74689927886982 4.418964009250297 31.386435737901195 68.09497263442819 135.5204031628549 241.53463712592108 551.5901751407109 1103.0473938459265 2112.3663743515285 4412.721401125687 8825.442802251375 15125.583542083128 20712.95292692559 
2.002915199581821 4.005830399163642 8.011660798327284 16.02332159665457 32.04664319330914 64.09328638661827 128.18657277323655 256.3731455464731 512.7462910929462 1025.4925821858924 2050.985164371785 4101.97032874357 8203.94065748714 5.975765701904502 31930.181241187118 
2.000745856876163 4.001508321459589 8.002658447481132 16.00420612576705 32.01171436041437 64.01593157516935 128.0404619620256 256.0397644398234 512.1072129564974 1024.0122840014237 2040.1550108749109 4071.370156496174 5.348241515040793 16341.901857581017 31627.29447854115 
2.044272673052594 4.089329133356804 8.178571259526398 16.358151442955545 32.71630288591109 65.40831206501568 130.84853863075838 261.52542069003295 523.2593381440462 1045.984009712935 2092.1129986639116 5.895511402064265 8375.37353879324 16750.74707758648 31725.22204212956 
2.0197342891159358 4.0395439740560555 8.07796190326163 16.145065731434283 32.30863918082406 64.5635680943033 127.39978409767862 254.44789254831002 507.23195420152314 999.6323023951406 6.11613335519242 3970.4510731528217 8221.373466178535 15841.037024293266 32353.520801326747 
2.0952205252309577 4.181570518499852 8.347292541668061 16.746499732155257 33.587769514361526 67.17553902872305 132.7786181643347 268.7021561148922 532.2653278800148 4.133157718185933 2149.6172489191376 4299.234497838275 8484.029745595279 17196.9379913531 31473.873192372652 
2.142156752157163 4.284313504314326 8.568627008628653 17.137254017257305 34.27450803451461 68.54901606902922 137.09803213805844 274.1960642761169 5.702839471387294 1096.7842571044675 2099.723407382344 4315.821617483406 8528.486183878354 17495.066051996288 30414.3306529948 
2.1423331799661423 4.291708844554093 8.32282007650116 16.668406714844757 34.000309291365056 67.95785431435385 121.62252523264567 4.788599143634675 527.6968138573737 1021.16626347254 2058.2559393466527 4275.681243380946 8713.65010654462 17603.74376857255 32412.484164721856 
2.0820651786145987 4.12028967999765 8.27727243270762 15.52335230905733 31.432217107432784 66.61833251935168 4.981220724767603 242.32183121758806 532.6105135643398 972.9148146783818 2132.034742901349 4263.418801920827 8226.173194583287 17049.71463466624 26616.6156025876 
2.2378128215411834 4.475625643082367 8.951251286164734 17.902502572329468 35.805005144658935 3.5589536798705472 143.22002057863574 286.4400411572715 511.08519335804795 1145.760164629086 2291.520329258172 4583.040658516344 8821.96751690213 18201.71377010541 26048.570802676724 
2.1435317236668245 4.305034140450289 8.44635370774397 14.53244482269778 4.200734393910826 69.04808330383639 121.44575900307733 252.08311978566866 536.591698862138 1046.5457951992705 2209.5386657227646 4419.077331445529 8838.154662891058 17227.524342169894 20494.477018386915 
2.051810085167503 4.103620170335006 8.207240340670012 3.9844483445729266 32.82896136268005 51.20828698392314 131.3158454507202 256.09968818524754 508.9360197586006 942.9623553452793 2004.884842268965 4106.171837167839 8404.214108846092 16245.177651947648 13381.956143487181 
1.8241931446425044 2.843783102811227 3.5743576625673343 16.93229083874178 23.737018706591908 67.72916335496711 127.57891157664776 270.91665341986845 399.3016356440245 1083.6666136794738 2167.3332273589476 4334.666454717895 8669.33290943579 17338.66581887158 13376.03646259023 
2.002915199581821 4.005830399163642 8.011660798327284 16.02332159665457 32.04664319330914 64.09328638661827 128.18657277323655 256.3731455464731 512.7462910929462 1025.4925821858924 2050.985164371785 4101.97032874357 8203.94065748714 5.975765701904502 31930.181241187118 
2.000745856876163 4.001508321459589 8.002658447481132 16.00420612576705 32.01171436041437 64.01593157516935 128.0404619620256 256.0397644398234 512.1072129564974 1024.0122840014237 2040.1550108749109 4071.370156496174 5.348241515040793 16341.901857581017 31627.29447854115 
2.018278326683685 4.03655665336737 8.07311330673474 16.14622661346948 32.29245322693896 64.58490645387792 129.16981290775584 258.3396258155117 516.6792516310234 1033.3585032620467 2066.7170065240934 3.1717281017579495 8187.3448574010345 16475.534247572792 31817.384144495558 
2.1153364834117334 4.232827679062752 8.456656767528493 16.83331121719019 33.75046687022629 66.29436121408057 134.26838957809863 268.3365638180918 541.8779295700115 1073.0073462151186 4.42975991601733 4335.023436560092 8670.046873120184 17340.093746240367 32684.08172333988 
2.0952205252309577 4.181570518499852 8.347292541668061 16.746499732155257 33.587769514361526 67.17553902872305 132.7786181643347 268.7021561148922 532.2653278800148 4.133157718185933 2149.6172489191376 4299.234497838275 8484.029745595279 17196.9379913531 31473.873192372652 
2.122675983663356 4.245351967326712 8.490703934653425 16.98140786930685 33.9628157386137 67.9256314772274 135.8512629544548 271.7025259089096 4.739259277838399 1086.8101036356384 2173.6202072712767 4246.701110196769 8287.815094591153 17388.961658170214 30569.335465108874 
2.2253414462669046 4.4508683460805685 8.892902524774975 17.797174376138763 35.60672318206681 71.2138935372891 134.55619891635212 3.5120710436728095 550.2884899505391 1068.7572670053316 2094.684759614638 4551.725095116047 8919.678409894033 18203.94538132464 32917.618432388525 
2.0801659318509933 4.134731969614859 8.29383658373877 16.33629413046234 32.73681592036696 66.6249076642288 4.007565183707032 256.76117542496246 532.6199669697442 972.932082679435 2131.5698736594027 4263.494474146121 8226.327011029276 17050.01725335922 26617.088026061996 
2.3404758666808876 4.681426924048319 9.360974791346965 18.725238347229073 37.35935660442525 5.241457196333224 131.8983341964873 299.6362560895759 498.9470404434735 1198.5450243583036 2397.0900487166073 4794.1800974332145 9588.360194866429 19176.720389732858 26675.721446206884 
2.166300737503988 4.332601475007976 8.665202950015953 17.330405900031906 3.599434653468984 62.308936768983656 138.64324720025525 277.2864944005105 547.4325490428189 1109.145977602042 2218.291955204084 4145.6242881517865 8873.167820816336 17746.33564163267 20342.24495423153 
2.0769473919813635 4.153894783962727 8.307789567925454 3.1871269770221975 27.42668787738465 48.8260504487473 130.29161111404838 265.8492661736145 531.698532347229 1063.397064694458 1958.9135848807796 4253.588258777832 8507.176517555665 17014.35303511133 17382.764973587946 
1.869609244002411 4.143967534959499 2.309450536330013 15.879576955195624 19.87222107525072 60.484570624350724 134.490536391443 252.96957607848293 528.5079217079838 1071.1252891168888 2155.4877765771816 4090.2001105296113 8522.594973759818 16747.094894439004 16530.0917615773 
2.0665490053860287 2.2075411334985477 8.649781977539021 17.299563955078042 27.464401620318867 53.28358904615933 132.34558935324122 256.20434924045423 528.3858491561699 795.2172584262105 2214.3441862499894 3410.9554504681696 8857.376744999958 12070.485802465624 12476.71168496199 
2.0003856429609104 4.000771505580127 8.001520494452834 16.002994605159518 32.0061557234083 64.01197236571558 128.02420562617445 256.0465677099775 512.086143350784 1024.173231483775 2047.6444438751905 4095.443849465832 8170.2503033498515 6554.911633069343 6554.96448030781 
2.0003798412005525 4.00075961193364 8.001512310348517 16.00300252763536 32.00607546853838 64.01199291014586 128.02415665516696 256.0472074345689 512.0921339824044 1024.181593542876 2048.090082661609 4093.3978644326844 4186.758756510573 16363.48731349144 4186.184931679889 
2.000693396334297 4.001384550740668 8.002058573419676 16.00257442967547 32.01092541900808 63.98785324683282 128.04332164155556 256.0720307422924 511.6575281633798 1023.1870306673534 2013.012987151473 2554.5449476173567 7939.568481918851 15719.749894688397 2464.8943064225737 
2.0498100040445593 4.0996200080891185 8.199240016178237 16.347870940478163 32.784608323418176 65.26050356860888 130.79436842140527 260.7590284364311 512.6671070258915 1040.141410770564 1503.0936274549808 4167.540435763147 7699.965165940081 16660.47831121611 1516.6416427880947 
2.0253478225371766 4.051246556490102 8.07629728953252 16.14507099213759 32.34360551113107 64.09058500318137 126.86141430665874 258.3668026158659 471.348325195031 887.8971173459304 1843.1768300081285 4117.98423880445 8297.121503720875 15068.678582935761 849.6591206718888 
2.0350839949937267 4.070047768335055 8.137888137249456 16.20978515997111 32.47953072046341 64.25927581274728 130.25323956888133 257.07793782475653 487.0315726847062 990.5505446417787 1909.0285877489807 4168.103666204202 7770.142737564763 15452.520149208152 404.06367675875043 
2.081897337199658 4.163794474753458 8.327577147537216 16.65449886127832 33.30932698210779 66.61920587145809 125.78842264884996 252.66048687955524 523.4593394305423 1012.1769638487538 2091.6525918548177 4162.272500862021 8522.46003269548 16065.192391832967 221.933039146042 
2.05249583720494 4.10509563050677 8.192657163909193 16.201912219860496 32.30509489036126 63.97929738098097 127.50239711835793 262.8409621389492 516.4802563034156 1035.1429938073097 2075.2577438768753 4202.305280605706 8410.910788446374 16609.774760392043 49.37888231634018 
2.05249583720494 4.10509563050677 8.192657163909193 16.201912219860496 32.30509489036126 63.97929738098097 127.50239711835793 262.8409621389492 516.4802563034156 1035.1429938073097 2075.2577438768753 4202.305280605706 8410.910788446374 16609.774760392043 49.37888231634018 
2.0007160716052113 4.0014321432104225 8.002864286420845 16.00572857284169 32.01145714568338 64.02291429136676 128.04582858273352 256.09165716546704 512.1833143309341 1024.3666286618682 2048.7332573237363 4097.466514647473 8194.933029294945 16389.866058589887 0.0 
2.0009626852163924 4.001925370089549 8.003850715297432 16.007701327928903 32.015402964936584 64.03080521817665 128.06161110838522 256.1232143322173 512.2463566772246 1024.4926665752098 2048.975733604345 4094.5015182728453 8039.235852364962 16390.498991848737 6.004942026294842 
2.001309720277696 4.002619496164718 8.005235116207116 16.01046066985931 32.020954698074725 64.04182506954035 128.0837455343721 256.1649033347978 512.3107885393024 1024.6188838100152 2049.2805829473914 4097.669190497527 8078.104999166943 16249.860977975723 4.751655091323203 
2.011456529398046 4.022913058796092 8.045826117592185 16.0905312729589 32.18282077761681 64.36121295344697 128.7091724960645 257.44034631167574 514.5994038520149 1028.9815274226107 2057.4036223702956 4117.238769794371 8197.565322366394 16309.161864418265 2.1881407628138128 
2.000474530757799 4.000949061515598 8.001898123031197 16.0037092017511 32.00757752746392 64.01481391084444 128.03006307219462 256.0578777150154 512.1099036623424 1024.2204800322017 2048.0614507028117 4096.236045395075 6796.731070281336 6794.8320034086055 6796.7594728610065 
2.000474530757799 4.000949061515598 8.001898123031197 16.0037092017511 32.00757752746392 64.01481391084444 128.03006307219462 256.0578777150154 512.1099036623424 1024.2204800322017 2048.0614507028117 4096.236045395075 6796.731070281336 6794.8320034086055 6796.7594728610065 
2.0004606897589983 4.00092175182337 8.00183491712588 16.003651489326902 32.00736717065644 64.01457897450418 128.02928895644698 256.05789934347894 512.1061504632157 1024.2115108591242 2046.4884043367226 4093.5500325725784 6796.7220278010445 6794.785764487126 6796.713220823071 
2.035600472746485 4.071239716675135 8.142010122007505 16.281833205115564 32.56370455068082 65.12399251615794 130.24505297956884 259.7506845649053 481.8380681549694 1030.8378868244508 2073.4214768398137 3390.8014261945623 6601.527122360809 7358.64266725922 7436.290613838222 
2.098545137462125 4.19709027492425 8.3941805498485 16.788361099697 33.576722199394 67.153444398788 129.05519573940953 263.6744359976 457.47814740269774 583.9900119620038 1926.999472045032 4276.836850292824 6782.144831933747 9647.815446618351 9589.356780183753 
2.112542604574628 4.225085209149256 8.450170418298512 16.900340836597024 33.80068167319405 67.6013633463881 135.2027266927762 270.4054533855524 540.8109067711048 1081.6218135422096 777.9894543965528 4301.34181251818 7787.622310781178 10443.62110908671 12109.68402737209 
2.0152570646331895 4.030514129266379 8.061028258532758 16.122056517065516 32.24411303413103 64.48822606826207 128.97645213652413 257.95290427304826 515.9058085460965 1031.811617092193 2063.623234184386 874.6332566864526 7788.307625274896 14078.984004856007 13371.037407603724 
2.002604097818074 4.00520859766808 8.010414054224109 16.02082104424112 32.04166826617685 64.0832563796857 128.16457739345452 256.3163673743968 512.5451415360416 1025.0456549921369 2046.9089955986606 4066.850490317005 1042.942314865832 16236.734534092091 16805.676445806377 
2.0060077983327744 4.012015596665549 8.024031193331098 16.048062386662195 32.09612477332439 64.19224954664878 128.38449909329756 256.7689981865951 513.5379963731903 1027.0759927463805 2054.151985492761 4108.303970985522 8216.607941971044 1264.7890483361252 20222.15849954401 
2.0236856181150102 4.0473712362300205 8.094742472460041 16.189484944920082 32.378969889840164 64.75793977968033 129.51587955936066 259.0317591187213 518.0635182374426 1036.1270364748852 2072.2540729497705 4144.508145899541 8289.016291799082 12961.74600726292 798.4610692004497 
2.233592525306392 4.467185050612784 8.934370101225568 17.868740202451136 35.737480404902264 0.0 142.94992161960909 285.89984323921817 571.7996864784363 1143.5993729568727 2287.1987459137454 4574.397491827491 9148.794983654981 18297.589967309963 36595.179934619926 
2.0479635938685163 4.095927187737033 8.191854375474065 16.38370875094813 32.76741750189626 65.53483500379252 131.06967000758505 262.1393400151701 524.2786800303402 0.0 2097.1147201213607 4194.2294402427215 8388.458880485443 16776.917760970886 33553.83552194177 
2.2761282977843393 4.552256595568679 9.104513191137357 18.20902638227471 0.0 72.83610552909886 145.67221105819772 291.34442211639544 582.6888442327909 1165.3776884655817 2330.7553769311635 4661.510753862327 9323.021507724654 18646.043015449308 37292.086030898616 
2.2356592200758456 4.471318440151691 8.942636880303382 17.885273760606765 35.77054752121353 71.54109504242706 0.0 286.16438016970824 572.3287603394165 1144.657520678833 2289.315041357666 4578.630082715332 9157.260165430664 18314.520330861327 36629.040661722654 
2.0512239364258704 4.102447872851741 8.204895745703482 16.409791491406963 32.81958298281393 65.63916596562785 131.2783319312557 262.5566638625114 0.0 1050.2266554500457 2100.4533109000913 4200.906621800183 8401.813243600365 16803.62648720073 33607.25297440146 
2.5113699758568333 5.029900784536622 9.882640192433106 0.03758514138069938 39.26421791618154 78.57041537980544 161.04783607175875 313.358762646408 631.3182231086539 1288.1187606672725 2574.920325435276 5155.768190541626 10007.966607222641 20624.64288575943 40972.61393431441 
6.005671088858308 0.017143350978277426 24.82741765305489 49.38804161257073 99.55589499129142 193.72219497068647 399.0102383170464 792.8257121037749 1596.1270641699082 3164.1175465043443 6381.781687435437 12758.195199766966 25525.33894873585 51035.82661858819 100365.1430415298 
0.005530633364420182 5.947747219791698 12.263365988039869 24.56382717080333 49.51220870191213 95.26529883344608 198.2956493619372 396.782939503555 793.1804223810389 1572.9006021335852 3173.418399464145 6349.871454566013 12696.05539714601 25380.051902116742 50792.72420044049 
2.0092264205317605 4.018452841063521 8.036905682127042 16.073811364254084 32.14762272850817 64.29524545701634 128.59049091403267 257.18098182806534 514.3619636561307 1028.7239273122614 2057.4478546245223 0.0 8229.791418498091 16459.582836996182 32919.165673992364 
2.3187101058687833 4.781740529565578 0.018115109196031633 18.697191735220496 38.281771971988576 73.54541916412587 153.26071518832669 306.3632350501273 612.9750195280033 1223.8801195737954 2452.160651434614 4894.544061586946 9786.788799056316 19595.448420345587 38309.165374503544 
2.014019802623011 4.028039605246022 8.056079210492044 16.112158420984088 32.224316841968175 64.44863368393635 128.8972673678727 257.7945347357454 515.5890694714908 1031.1781389429816 0.0 4124.712555771926 8249.425111543853 16498.850223087706 32997.70044617541 
6.0056710171890995 0.017139458616181335 24.827417617913344 49.388041458896 99.55589492768753 193.72219315885434 399.01023830851636 792.8257104629887 1596.1270641627038 3164.1175376952915 6381.7816865543755 12758.195196326917 25525.338944652798 51069.823204784065 100365.1430415298 
2.0022070897358617 4.004414179471723 8.008828358943447 16.017656717886894 32.03531343577379 64.07062687154757 128.14125374309515 256.2825074861903 512.5650149723806 1025.1300299447612 2050.260059889522 4100.520119779045 0.0 16402.08047911618 32804.16095823236 
2.001891083818961 4.003782167637922 8.007564335275845 16.01512867055169 32.03025734110338 64.06051468220676 128.12102936441352 256.24205872882703 512.4841174576541 1024.9682349153081 2049.9364698306163 4099.8729396612325 8199.745879322465 0.0 32798.98351728986 
2.0007160716052113 4.0014321432104225 8.002864286420845 16.00572857284169 32.01145714568338 64.02291429136676 128.04582858273352 256.09165716546704 512.1833143309341 1024.3666286618682 2048.7332573237363 4097.466514647473 8194.933029294945 16389.866058589887 0.0 
0.48971455076097326 7.159841107241488 14.295531265269586 29.316927185868668 58.82176110236593 118.51665408803062 128.63285315966928 457.5070298143502 947.1070023403795 1883.0685628500432 3795.8910910267755 7504.5753240851745 15201.086574874635 30395.942117695406 49970.576333080615 
2.2344978187618807 4.468995637523761 8.937991275047523 17.875982550095046 35.75196510019009 71.50393020038018 143.00786040076034 0.0 572.0314416030415 1144.062883206083 2288.125766412166 4576.251532824332 9152.503065648663 18305.006131297327 36610.01226259465 
4.429350094198522 0.019737303330882704 17.73453444926753 36.45411682521105 73.56667341144686 142.98567682244595 294.5066550904357 585.1807506086504 1177.9798515634384 2352.331777398504 4710.359246999237 9416.756754015663 18840.117581943818 37669.274846049666 73631.69529404571 
4.429956682370433 0.052006783031323355 17.736900600214383 36.45538809353901 67.46898072859408 142.98567682244595 294.5066550904357 585.1807506086504 1177.9798515634384 2352.331777398504 4710.359246999237 9416.756754015663 18840.117581943818 37669.274846049666 73631.69529404571 
0.23749611989712316 6.706242226958672 13.798608901078795 27.641089492041754 55.67594234608893 107.40625491999674 222.79410787311767 446.1197345067646 823.3030567596163 1768.2977996111001 3314.1735533629644 7139.439924033495 9387.046482233982 28535.90345442531 57108.48344837852 
3.9099918430738327 0.06303031294004222 15.65486565437702 32.9758207098074 61.02743418618894 131.76968274722654 266.39776057362 529.3287519970783 1065.548737243744 2131.301084731755 4260.726320941895 8517.217064169337 17041.87077461471 34073.968410800975 66603.99144227605 
3.9099868400596396 0.06286677383826383 15.654845937201358 32.97581425229814 61.027323806530106 131.76965427284816 266.39776020096474 531.8091269129131 1065.548737243744 2131.301084731755 4260.726320941895 8517.217064169337 17041.87077461471 34073.968410800975 66603.99144227605 
4.429134290090506 0.04583600677850867 17.736341978767083 36.45503858430025 73.56643351867271 140.43677150319755 293.7916248441458 578.7625846037002 1177.973315504525 2352.3261449528154 4710.934574266018 8822.504050704963 18840.008794432757 37669.05733431513 73631.27012637723 
4.243117789421768 0.05955225084211184 16.569535043192733 34.90183157651159 64.59373691797501 136.91791060296072 281.95619016854204 560.2431414525151 1127.779984881362 2255.7754714570106 4509.566405018532 9014.648130227195 18037.16722921594 36063.99053935636 70493.8646505352 
3.917138951324223 0.06282060348493071 15.683481944137514 33.03616853782172 61.19790492190107 133.1883942280221 266.8853906589157 529.7075092926841 1067.5241060765195 2135.2023321631323 4261.1630313878695 8432.21042557074 17072.360882085537 34136.42812970415 66725.90686635852 
4.101335563490741 0.056531621534937425 16.837328925922147 34.606811285629036 64.04588005331645 138.26163727559552 279.5738372183738 555.509442949062 1118.2509514645506 2233.0579294249133 4471.5218952258565 8939.284645583817 17884.838508698296 35759.27243718718 69898.23570516265 
3.1242702808327256 1.5153244908181989 13.847286594402851 21.948413628271357 55.31800437489911 110.61810212042926 130.39764765125696 428.2406022841366 883.9985047591541 1771.6972260466625 3381.642820956677 7091.231220070131 14185.004227149899 18050.13793616152 46645.99858504218 
3.2488568360910555 6.476216900829726 12.69512544461088 25.668605581320097 19.323966200306028 105.79531867648201 211.58332896001255 101.3256488065156 748.8604195174107 1631.79784913616 3365.4823373287963 6735.196762865424 13496.67796923172 26518.364721355007 54099.244915613985 
1.7706541611994708 1.811931798076325 16.476862225964503 34.8916428276416 70.27869861665569 134.60445535715454 278.6280887089219 553.9421067890836 1125.911098509729 2251.444577217953 4508.1523149375735 8444.159061260843 17905.655315661825 36053.585129437524 70473.5253162718 
3.1554990210306055 6.433523199135821 1.550147839415013 13.65224852717099 50.33598667877468 96.98716574842136 205.41649926704773 406.03915008225243 808.225200817137 1606.9905386714129 3294.6287625288974 6577.169553873064 13179.381556176733 25908.849645152877 52152.69197710881 
1.849505496151688 4.0226715983693815 7.567768343685221 15.523805143906724 31.743917850448334 55.888258351620905 126.06572599480126 228.59718393596674 453.62453941448564 754.9930156085101 1874.2161966038882 985.9791447807039 5284.270691591993 12394.567733034535 24854.250518869125 
2.71282048685315 6.263363032493788 3.2951944576583663 11.775778033762387 50.03721087301479 100.13248861400282 122.8049180185246 365.1143882083146 800.7031615586352 1588.7673008684762 3205.4297273637117 6402.6082434137625 12825.044183619357 25484.97091833872 51305.43780305765 
2.1758389039393404 0.3579276121276265 8.631581776741934 17.111556421248615 34.98728664817435 67.40191544925763 139.98306947439548 170.04471800367173 559.8821266379005 1117.8737574931333 2212.4157523618214 4478.871965162556 8939.105032087637 17898.186542782576 34991.012885383054 
2.916919856995445 2.25726068688584 13.448213505184691 26.973552341741005 53.97124655137701 107.12916052033027 136.43577880418204 427.9497629936236 805.628554886871 1727.2942027611466 3329.4916724397945 2858.929509532369 13762.361703022554 27629.27923009964 42468.38112931351 
4.429134301536903 0.045836613309075236 17.736342023241022 36.455038608187856 73.56643352297816 140.43677195528355 293.79162489276735 578.7625852851263 1177.973315513119 2352.3261452097836 4710.151434876773 8822.504050704963 18840.008794432757 37669.05733431513 73631.27012637723 
1.5486119024799088 1.852850038661064 5.387249024140427 13.509890924735648 12.996397233883329 67.23410152846054 132.85621621253046 259.49541800610746 538.5493116119615 928.0007149666329 2153.7141960253925 4308.394492895692 8311.978908057723 17226.95267006633 26754.336219889017 
1.8133683390753046 4.075858259809314 5.769894509325408 4.0917678169583125 29.929350082174533 61.94847237009427 128.39368899873438 147.94665819144907 524.4687761485455 668.5117949251102 2057.362611457297 4032.6499790290163 8063.467183666314 16767.23947175167 33301.0220173871 
1.6198858233977598 3.2594344671337656 4.744339505452544 14.103710535583383 14.627636069604641 65.26969059713217 109.15466655593161 254.76801482493326 488.3375340543049 796.4283180345532 2097.7944699312025 4119.445393244003 7282.231665985485 14026.813009933543 16108.057618277871 
3.091468181324869 2.5973852604150043 13.406739449830745 26.7040064829894 53.753041323882464 106.8391243778606 142.97737414754138 426.8414944526177 808.012396271561 1169.1200632565444 3437.145558366177 2849.2400356956814 13715.719202424949 27543.06506897885 42324.450063496566 
3.071018524913463 2.4654814554968296 13.371513668588156 26.34542895214387 53.498749956243735 102.14298962912018 142.69953231707728 427.5136011431702 296.2549841028928 1711.3496846487412 3422.7219286827462 6846.075521444703 13642.539746498094 27384.93641517073 42096.211010001614 
0.9390027542298224 5.595721293969456 11.421813854593328 22.866857738883496 45.974533979368324 89.59500467171236 183.95203416238698 368.2254066110571 736.2094294812094 391.81346283824195 2721.726487508117 5892.441947754122 11721.700486901487 23551.733846426556 47133.738193969315 
2.810161747885359 2.0395888399701434 12.315944816720783 24.62713796388304 37.3479939548459 97.94749633052261 120.10177036067854 356.793607958501 779.4160060586206 785.4678102698688 2924.769096632467 5631.9745696351565 12565.184090837372 25225.73280999155 38569.448054010805 
1.479974969764545 2.480644582294407 4.65489442348138 14.85982506024515 24.27239368478062 38.24352080321239 135.0633377532736 267.19406852169095 449.7737593447287 634.6503687817865 2109.588678367419 4388.497313497562 8489.57185932837 17580.244483278337 35074.31296120227 
2.253171247698347 4.506342495396694 9.012684990793389 17.97516130743628 36.0266056248824 72.01960003989606 65.89810841711987 48.34916810255889 518.1523618563189 1153.6236788215538 2307.2473576431075 4614.494715286215 9228.98943057243 18457.97886114486 35281.22171533969 
2.3600760404633974 4.720152080926795 9.44030416185359 18.88060832370718 7.532316939558125 75.52243329482872 151.04486658965743 302.08973317931486 604.1794663586297 1208.3589327172594 2416.717865434519 4833.435730869038 9666.871461738076 19333.74292347615 15494.225456992663 
2.1507571954962033 4.592043177716306 8.758945274561675 17.621294800050187 34.85153652404095 8.042257323577203 146.9453816869218 293.8907633738436 587.7815267476872 1145.310206553001 1831.5688673731192 4702.252213981497 8844.787356361661 12237.929008520361 32112.803485144712 
2.114414624190247 4.228560029370954 8.433417055351722 8.929810409986374 32.415851413744456 30.940278569156423 135.29995963904557 117.77595790530701 532.707661889549 1041.3872433935921 1965.632907266065 3510.3233746473456 8654.090001806451 14729.669965699495 24108.021998637843 
1.9231666770512033 3.4878504619570005 7.239612843709085 13.446936102566772 25.371919875303565 25.43332329798046 117.0544629241663 253.07655161426828 386.7696877831678 579.3677450587401 1996.4808645568844 3378.439501775177 5771.062808891556 10749.961782716511 31518.564570698218 
1.085530327103361 5.47814317197904 11.161212387933602 22.476472820743894 44.926566351259886 87.70685159369381 129.74398765506254 359.5899465795163 718.9248119870808 382.61449534083346 2657.8261845962743 5754.100056110787 11446.500112806632 22999.609346330333 46027.13917105722 
3.100177321142153 6.199245140531989 12.306430710514508 23.548696333757675 20.862953729273176 98.04248691487543 198.5401157306643 121.18757662579382 748.3071393423742 1528.307030569951 3159.5588927449385 5668.64505471841 12668.180137228965 24926.515803858132 30433.447836469044 
2.575051650475669 1.3389444851045076 10.56040854836382 21.778550345647634 25.478379951036413 61.48027964614742 175.89841783183545 348.7276044065754 694.0316425523947 1378.7316440053503 2746.6536765853075 4971.359545734404 11260.468770921634 22443.155835062495 28228.43481939891 
2.5905699604202845 5.181180881620081 9.894798546651982 20.372501393590202 41.296270747836836 77.28016765366097 158.929991775231 326.40860079895884 240.9654329109953 509.3496286059801 1797.1905930589614 5221.061997810542 10241.082121565567 14491.098688422146 42446.851901588445 
2.9407529090235616 5.860800357536723 11.768039114004242 23.53728476854765 9.130885306958675 92.96215501592211 183.04799510467498 375.2547300553641 753.2917178295486 829.5738033213447 2973.2624119944844 6026.3314087524495 12052.65911064322 24104.803922388233 29715.258354884238 
3.043473635443871 6.076860442236504 12.173505975294331 24.333879219334005 48.71464405635892 97.36922371802103 52.744253755882305 332.34275936749043 779.5761462176524 1467.2248542908185 3118.3045848706097 6223.95663563408 4835.777604976402 24789.90222371095 36896.47916231159 
1.822919087355788 3.4187153133882497 6.9819444426653225 12.690271343940442 26.41128328843468 51.41626720091924 103.02310667402101 180.79528818353228 419.63106893315387 684.4175409501138 762.4594384289429 2842.3659088472614 8009.755565926933 13886.794826736283 31530.984664211774 
2.523518614573959 5.047037229147918 10.094074458295836 20.188148916591672 40.376297833183344 15.79586531967375 159.92326800539746 323.01038266546675 645.3469756506669 1292.041530661867 2584.083061323734 2099.7858901381046 10138.092191408357 20672.664490589872 41345.328981179744 
1.564541050186942 3.793395015262875 7.228162143363116 11.798691012360855 27.918869623220267 48.61442270111612 118.2279747012544 190.73562380619563 438.5836869238497 880.3545564927383 1737.3661940891013 3314.5831604743803 2991.7740018350405 10949.76966324705 21935.132047676976 
3.138233304965905 3.6521216352164583 12.888533071147547 25.824402833659533 46.42424426089952 21.016125440047567 206.1962713083378 402.3630490880955 760.9774274740681 1653.3499846891245 3177.031155663252 6515.9845429931465 8928.828542114925 26160.356970530287 40964.46001622303 
2.392020526531376 0.5909384709013488 10.726726376899697 16.504552442177445 42.70611107948066 83.86416531196468 108.70731887161148 342.7594572102174 687.4363809668362 1309.744231096842 2614.219395457182 5497.093256375728 11011.209998068107 21880.9308216619 44049.35699358443 
1.4489190501492193 2.794885779831131 6.5920479068282125 14.99147852711468 32.631026399509615 65.67468466783653 111.19805059532263 157.55289950792672 522.4800060067977 904.409894907992 1565.7919371237322 1772.4126498702692 5934.235907929108 12873.257637619066 33372.23619592873 
0.30311779578278003 5.823900080608174 11.971116962894259 23.97483633759768 48.28765175068228 94.65175778661454 193.06896328733674 381.1247110955896 773.468379722461 1535.1110337776468 2379.99760239368 6191.636788273139 12283.879808364594 15679.116051427034 49526.99087495872 
2.0577249759335965 2.7696206844479114 2.2860756751314906 16.05870771057084 34.50490447670381 59.71983905423349 75.72920985762875 276.28238780839627 506.9526340129663 1105.2289171686643 1756.0360963336002 4372.567744650942 8841.831337349315 13651.659296472519 35020.5643467929 
1.954358722991721 3.9850893416192523 6.423425359259263 14.043635692118102 32.04334627292236 55.813418265650796 117.69219228081118 172.9534897573516 199.31676556592794 573.5547785403412 1423.040751723501 4042.045086160035 5634.131065091398 13513.464355760787 28801.36832838413 
2.120718368891204 4.241436737782408 8.482873475564816 16.96574695112963 33.93149390225926 67.86298780451853 135.72597560903705 271.4519512180741 542.9039024361482 166.44190312418286 1976.835012732312 4343.231219489186 7170.143415502976 11981.757450601892 21366.911832858124 
2.615943134740233 5.225905625864848 6.227007043373933 17.539812473671045 41.762171535809756 82.57744552302887 54.78248085904246 227.6010580461582 337.7616079409152 1220.8298853642161 2677.0928733260175 5341.170869168368 10425.99932931107 21405.88238829754 42786.0427312026 
0.5862871767742744 3.8888711981911195 11.948962051388872 23.937189057257417 34.43889229776121 94.42508614701201 177.48884432212049 385.5930811153388 772.0888903371317 1532.0428365295397 3089.1513287237276 6180.739856023272 12262.222398455628 15651.472583025072 49439.671041187125 
1.9964692029781848 3.563420634859855 5.531673323433283 10.892853472070819 17.406383503910398 62.5001528304275 111.85557881699557 261.828830134751 158.98604371632464 1048.3143867248364 2096.6287734496727 4193.2575468993455 8386.515093798691 13573.38423988531 33546.060375194764 
1.696606329071286 3.026532076416744 6.286374541563578 10.516497582097731 22.697122610765675 62.745476422149665 93.66540895807361 160.80978999756354 379.9632238037502 556.3197737362075 2029.804695999243 2842.7138623946576 8010.736095159382 13888.494804739426 31534.844588767108 
1.694590193305722 5.804680772784938 3.620863012355393 23.11708033333808 43.38265605959865 58.01426508873071 187.7111664668444 370.2285278407095 751.1452124941354 1504.6426722841602 2313.951149998185 6019.759664362188 11942.99430374043 15244.010574115862 48152.58526856144 
1.9714849268227987 3.8591241452380642 6.176016804486322 6.9678687525468845 34.498272450588956 68.99654490117791 137.31280338601087 248.92640865952137 551.9723592094233 1027.7302341635364 2207.889436837693 1863.7773416894793 8831.557747350773 15356.299751425628 20326.527140617196 
1.3160347635376821 4.038108243989114 7.086184141087944 10.354963203037688 27.626437596167236 57.74087935952545 105.81099563077645 211.87814609300412 424.06337824160556 817.9720080138896 1778.9672644204732 3822.356370332829 6830.368094379856 5068.118218645587 31397.743910659403 
2.4105623802530545 4.817760643840487 9.627275857882704 18.809940885025057 37.43727387688988 73.50337548062126 150.70183956873598 95.95182457127602 522.1152789034544 1054.517128643156 2270.1034919528806 1553.648431691971 9873.663509516511 19615.96244500139 39494.654038066044 
0.41965718454914264 5.974077799108548 12.362864995817757 12.722626773376097 49.83948434790125 95.9077377525869 197.30987982341875 399.4033463168214 750.1111837307184 1583.3078109347289 3027.5315286239424 6391.802325547832 12772.45286649727 25403.067175708326 51075.7879559587 
2.0533700018212118 4.066836657267445 6.083910015702278 14.344660102590804 31.400428696407527 56.70523608129406 49.78133954302937 264.530675168322 368.0227781085452 1058.122700673288 2116.245401346576 2015.0565002206456 8464.981605386303 16929.963210772607 21485.266817813892 
2.7395289298351315 5.479057859670263 10.958115719340526 21.916231438681052 20.930208750531886 87.66492575472421 25.836223133899765 350.65970301889683 701.3194060377937 1402.6388120755873 2805.2776241511747 5610.555248302349 11221.110496604699 22442.220993209397 44884.441986418795 
1.9412980449090234 3.9236168440081767 7.873717092393981 15.915555416329816 31.38619526474449 63.590591571909705 118.93144562438688 222.3886205161323 423.3635984050194 817.2240475328776 908.2891056931362 3978.0493330552354 6498.620266612489 6750.437751549262 18047.28902265253 
2.3019201999854633 0.9787705987909507 9.21907894144739 11.157824509710709 28.790381960035624 70.41407645960003 149.29517430433492 182.16771571077774 598.5425976513229 1169.3900559704014 2394.1667353443436 4788.3255527674655 9576.680627165486 18877.612119896145 36988.72539845635 
1.1480971841059981 3.7032236107483287 8.341954408335566 16.681426890585463 33.379377563046944 66.41538126349916 86.78500425040096 63.03989173942441 480.1553489072556 1068.218842202937 2005.952326576031 4216.296483299168 7646.129130614007 17086.98930498108 26264.050108332245 
2.4708174365916307 4.941634873183261 9.883269746366523 19.766539492733045 39.53307898546609 79.06615797093218 158.13231594186433 22.228382322714296 409.3412834789622 1246.7571138203873 2530.11705506983 5060.23411013966 10120.46822027932 20240.93644055864 36252.351487416214 
2.86479072053652 5.604500060770226 11.485532819078765 22.454826606416578 27.634366801172206 91.86666377062589 22.073945876362675 336.40803770800795 735.3825328294014 1471.4381772280867 2792.4819883788296 5877.119951716775 11633.794071634062 23541.097162776532 36026.95699102091 
1.9964398531410676 3.9058450234401314 6.7451473039838135 7.873704752416616 30.72177404918357 46.164365319216074 116.79801249645423 207.44245566236006 426.33448063987527 866.8156868275848 1837.751081455475 3495.32296607142 2461.0803507976816 14957.937728521785 32841.48646242025 
1.5214682529611092 5.347595458354288 12.856439163552801 21.96981591971225 51.38412439945781 41.845861935808095 120.03657555095852 397.3757629490963 820.6020156433815 1506.6741716048593 3136.756616703976 6582.886427040447 13137.325275544712 16600.878039987678 52485.38028077515 
2.647804288875745 5.252655932052909 10.462078100424595 20.27977390763356 41.56978927420392 73.09666266521269 59.06329525280396 341.4365882860293 209.59130492660108 1011.4684808559647 2698.0861627961776 5462.985412576469 10925.904251598622 21851.941650305875 43703.88330061175 
2.494907164055415 5.001078258864364 10.011808966154991 19.921026018470865 40.055851656256216 80.08800717151951 13.433140621001469 192.96129211317069 640.897739917829 1281.6830945116612 2533.5534588579917 5120.226320602833 10223.635055398114 20161.29787748922 39231.64582047462 
2.3342943287309303 4.665930884467853 9.337185671638029 18.669033660282942 3.1897951791227954 70.73811024529206 149.05774134765417 179.39029391653983 597.5861261944025 1165.8214134831367 2390.0591449246226 4780.673842589062 9561.377100591435 18798.51879661744 37835.15196013762 
2.581680538427065 5.16336107685413 10.32672215370826 20.65344430741652 41.30688861483304 82.61377722966608 165.22755445933217 155.6570807517835 660.9102178373287 1321.8204356746573 1214.3415259126414 4330.159726462177 3930.867181369914 20795.038258150224 41841.89551962403 
2.054409012857448 4.02546814230709 8.01739108355484 15.373110786002876 31.873836624161438 65.74108841143834 83.79669542017774 262.96435364575336 88.64417594185021 632.6529780730419 1874.1289469736457 4207.429658332054 8266.769972578584 16828.952938741582 33654.606479896924 
0.2255207360423326 5.95180707969875 11.861319612927991 24.52776106793101 49.00152276352567 96.48024378346281 124.90269309436381 394.24453341675417 790.9679648352683 1569.5106114147202 3166.5782472817673 6325.005291555016 12669.597959508212 25176.397193306282 50683.58914065587 
2.04736011287268 3.326337287039835 4.174745111351618 16.467661146755212 15.963689879915021 63.259939260166 133.0729766202209 266.70584239424585 182.45269433636818 1043.2034694068345 2133.8271810271963 4271.722527362814 8540.868699091969 16977.531213609822 34173.78021890251 
2.001476025507092 3.9974008839131256 7.873460676168501 15.119345092606984 31.001884824471034 61.40781582178238 126.73309347946515 232.98096122082174 496.3682667600355 994.3255409898849 1060.5625346274571 3657.7376867824396 4167.648853602632 10327.789176315195 13206.162360550452 
2.3941430562392156 4.788286112478431 5.827625288817718 4.932633319505451 37.12588126550819 56.33163869684869 84.26653073768931 306.4503111986196 612.9006223972392 1225.8012447944784 2451.602489588957 4903.204979177914 8408.207409533119 19187.964509995752 37906.666127259115 
2.1222397870727203 4.29823714479105 8.117189342504345 12.205770010393293 21.81756985286495 53.33746200108878 138.30202720067808 188.88394340716673 398.7202056999155 1109.8111639170081 1902.274073781815 4185.994584670979 8646.60261488643 5801.61829321055 27285.25843130756 
2.91895800073537 1.0711213639721717 13.107304703236492 26.20828382383478 52.355890835340496 98.74162274466129 113.07356670954253 366.3926544812504 827.505421433922 1678.521540869709 3208.9831517151256 6708.695471573634 13374.3618589661 26849.188485126328 41269.424716609865 
0.7452168691309995 5.7466679713830535 11.176263831485604 22.56304122406556 30.348566176616632 91.2557847384029 179.70278366879276 368.54455411603914 739.865365330113 850.2025148775512 2919.3752210500134 5914.27011301615 11837.838137114406 23631.782993845187 29185.628469900475 
2.6193997647999216 5.285390856525132 10.042834315558105 9.659918179828999 42.02217590686051 83.66230030379755 148.5956161012305 331.4433479784354 651.7088437838515 1349.9126890985629 2633.7820608247575 5374.2502118790135 8352.98353032648 21329.772188596566 8869.621402558389 
2.945717188982802 5.902897579443116 11.759825109980687 23.367086067273778 47.15761303904731 94.42634690365831 97.08126327665757 177.23604904624983 755.1683911303246 1420.864109774539 3021.016801276127 6043.761881629275 4399.89866674138 17691.935704017935 46348.09523341273 
2.632491372046573 5.264982744093146 10.37829407316039 21.018924644124553 1.1334975928936057 81.60575256058365 168.38351711705695 336.7924101897323 673.9177912439227 1294.3391179685289 2674.28157047625 5385.310439890214 10782.684659902763 16734.084374367918 42745.28508312715 
2.37099433696568 4.74198867393136 9.48397734786272 18.96795469572544 37.93590939145088 75.87181878290176 86.64730023008728 29.670693616678612 606.9745502299833 1211.8090979766455 2427.6073720255154 4855.796184425754 9711.592804211425 19423.18560842285 37135.83058946357 
2.0318832492647148 3.281527291352658 2.3318825396598934 21.393961713537173 41.7307511230839 84.88919191357498 175.0110386784378 349.92777184593655 662.590100526049 1399.5166904172092 2784.7178775072457 5600.93350876527 10955.272538704012 22086.835617575074 27589.607436607497 
1.9187892715137838 2.883703442680245 10.672943876000453 21.361567627678003 35.934127285483655 22.1423425377282 167.77012110609667 335.5187968163432 679.4686827459399 1325.6814101072794 2220.2249706388643 5399.707645428703 9392.638349683386 17085.116904306135 44051.18082032698 
1.8034853466721135 5.671381430939255 10.716786816914606 23.26079729091973 46.58874644457547 19.595809015316686 185.11267067796206 364.1723562693246 401.007384265862 1412.176283122477 2837.706707375214 5979.6271596738825 11962.247058961888 23924.456514631016 47828.86772636612 
2.535148993628428 5.785648890865998 1.6395876597201913 12.446474746372244 45.35158775219826 87.42999833869294 185.02395806815375 365.7895892566229 728.1565095061178 1447.9099188438527 2967.4583571490703 4952.080939746735 11870.600602702487 23324.346855405583 47481.64375752121 
2.673970896302478 5.347941792604956 10.695883585209913 14.589892700831232 41.758586436465734 47.31501855130666 170.43502626752337 194.21294529730662 676.0904370388952 1328.993622139475 2544.6961551594236 2890.6478516204706 10636.019890262667 10281.417114948128 43805.43679025516 
2.334892325926847 4.671123344745441 8.459908372889403 15.227267166926127 28.656608063294676 54.93830478627887 145.92467761248216 221.36847662775375 524.3536205863384 1193.7610620572373 1770.9399616843339 4708.351405758672 1683.3227558676308 18156.89710337597 38266.05683015147 
2.9276078583737184 1.0619958598585915 13.149839650847602 26.293318652535003 52.615948713663904 105.04244556976883 113.45368065482884 367.5892434344338 830.5004038403819 1683.9704741473245 3215.126204884241 6653.348869129579 13417.241245747051 26936.416356135913 41403.39625016446 
1.119633446626425 2.3730117101589507 5.988931409329418 10.828035352708389 29.36490252386047 66.13193517655554 124.89428536107847 249.80054671787227 315.2255601827115 555.8421403088631 2116.2219256497774 4230.633732741341 8464.88770259911 15593.525257036157 33659.23563725034 
2.446562217086035 4.900645372670472 9.73269403911765 19.4491825272803 22.159510499733045 78.63129355398678 50.308465476854806 291.7442821452719 263.736817702001 1258.1006968637885 2384.2654724787003 5032.402787455154 10064.805574910308 19334.571918028192 40259.22229964123 
2.7261870935945436 5.489645451664637 11.049091992668503 7.900319740690163 44.011523445786395 88.30183373134517 171.65044530350596 345.25519633726 701.3207051480196 1339.324364872003 2807.8578608334724 5659.529453776019 11319.17453798732 22192.805021430013 10738.859124934386 
1.8838327241681094 2.810994609676311 6.8944810602486815 15.387944335835446 30.525095212719556 60.816747921854315 102.11710673108746 256.5740532808151 444.67983678590247 266.4422666518232 2113.418499750376 3584.8110379942405 8402.76625839285 13566.139855507232 20806.393028607206 
0.780334875442092 4.475706859296075 8.898869648676587 18.222106861100322 37.011376756983154 72.1001831159897 94.3773539207558 293.676418740094 552.2681899552881 1183.754295864239 2370.7564993375217 1983.1052773850581 6778.619071902465 18944.855906775887 37037.2548951354 
2.144953771909617 4.289879820017776 8.579584495566149 17.150541154820324 31.581866562948928 68.1791905359655 128.59856034851023 84.83354337909607 549.1126848762287 859.4919126405156 1670.093684632298 1597.1446024639695 8387.17075011931 17387.14161761242 34643.451148988825 
2.769629261985697 5.146876880245119 11.076064966949538 17.863650922235067 43.663359916251146 89.30000811352355 96.46550458167536 175.98275934674396 714.9106611372828 1434.1972988681225 2800.95729879051 5699.9230181599 3607.7398465667256 21118.06819912858 43988.14386183612 
2.004272057984708 4.004452661727318 7.192434510249927 13.86232491492833 30.815214823215967 52.53019101145258 93.73874522856933 110.28322770116655 388.4786319923187 826.6270442044103 1657.3395320240186 3702.8757710312047 6164.362065018428 9219.295361269269 20502.242830333736 
2.8180533350424466 5.812449765549251 4.965626217368566 22.045178757623475 41.334684168021454 93.313266499571 126.03555995565992 187.26203121293582 719.0607135069064 1482.5363381700047 2986.024527986272 5649.961991547225 11477.589415926308 23100.005888063515 21942.18745254663 
2.3066465872207416 4.6127865106301424 9.22659789605071 18.44567261667753 14.90154415943567 71.26186161243507 134.1014330135648 217.43486384152067 480.1260324196252 1163.1978578540554 2358.017561663445 4025.7961785142597 2713.8028859485726 18575.716210109724 37389.94586180379 
2.2429340716284623 4.482889784134497 8.963749356560673 17.885273671558515 35.89025171459598 71.76321617425724 141.56536525025547 287.1203940985657 565.6825143984753 1141.9621144526463 182.29988610174044 4590.367197974355 9152.912250431118 17102.61327488891 22653.717394295054 
2.101629026123007 4.203258052246014 8.406516104492027 16.813032208984055 33.62606441796811 67.25212883593622 134.50425767187244 269.0085153437449 538.0170306874898 26.587287763143344 1956.2156925943661 4304.136245499918 6879.563087195996 17046.581918643977 34091.31894877306 
1.8940281857408081 3.36305570491234 6.052337058791705 7.57394054625304 24.257832964258267 66.68446125805895 122.36900909353015 266.6842367144499 444.8832236073891 730.6053700755627 1976.0937877593105 4267.8055205157725 8411.113221402597 17000.073436615778 13432.645618650866 
2.0058889069255588 4.012172315469795 7.982187640212035 15.953284815403784 31.90224686798527 63.41272039333522 125.8293183649561 246.61069371045366 473.08303439626894 867.0150706726192 1049.5281190915189 1694.1705744510734 5989.967240380931 10121.93290442071 19650.82917327536 
2.8455537026385214 5.684765650344339 10.953469062897991 20.461463460587687 45.17913771916982 42.36918722423806 181.4516093438523 349.5363256712345 690.843783284193 1458.1597541963151 2870.0574859916824 5743.643810485378 4415.957728704606 23246.094292672205 20844.58228010397 
2.2932542651543106 4.267140300210496 10.176710165687046 20.360674835797166 38.47930807095733 67.4707512333515 89.52692644671615 70.95727483112672 653.9957436918393 1306.730103212281 2094.876352341374 5193.262605357176 8884.496295912486 16345.632627104987 41746.80026238287 
0.7239800909042827 2.9882469938978176 5.7024936877649095 10.171531174035964 29.13333836662118 66.70025873750228 124.94944056641302 250.05426206167914 288.40294507547543 1056.2344136079876 2133.4224259221555 4266.991227799244 8537.633118400292 15684.101419431412 34131.92707200427 
2.1060424363747097 3.541301225477639 6.154779888105804 15.51354356578328 28.872033392714577 67.44057464393472 119.44440721285567 268.3255470152849 41.88265477690859 1033.2589134993946 2120.6163885634464 4201.828639527226 8632.053891852984 15772.692230277904 33853.51669699576 
2.042156762149974 4.085589426065366 8.170891484611056 16.3142714687913 32.69103150032663 65.37406222556892 130.36246403847025 260.0922060770896 513.7777121111085 459.5022399168633 2092.7614017459273 4164.434539722933 6444.917693527944 10506.791062257797 9964.507074395242 
2.7453601277358395 5.529646907939892 11.128390623868842 8.469084651294645 44.314132897300986 88.89880174753144 172.64034674055475 347.8771775386078 712.2002956091321 1423.8239709019174 2827.559738010452 5652.354271568146 11364.025858083445 22359.255112775783 9863.245491329419 
2.064146460462021 4.116904257164342 8.24895686120756 16.51694876568427 32.85836298273227 66.0178261443439 131.64943577897603 141.775823025326 443.2126087277681 248.0022810887795 2115.880848627101 3573.75456016784 8411.348469097547 16791.76731221238 20830.63460617868 
2.0018363120346985 4.000859896656179 7.77588707151791 15.889043235260894 27.952661173156717 59.51192046467261 124.28892667558834 250.95569317150455 408.60865292093933 942.1966347006809 223.9393397359558 3984.933703087452 5679.355581811846 13709.595842684103 29046.66065766558 
1.4659866425276957 4.1337005296662745 8.030018218595101 8.888923509947857 25.62418778324394 67.00188537693658 108.33517414686739 268.1356022934833 281.92250114029605 702.9295933674747 1948.2459600632603 4290.169636695733 8448.942352448674 11865.702884170509 21135.500197693793 
1.9995145970845856 4.0011538875370025 7.916506464746319 15.826715472738572 31.989492511051715 62.589836975249376 123.03196618708157 252.00846744238507 450.3215259041152 790.9537779212455 571.4433541907092 2495.9502929196333 5761.286562366707 15647.263088708012 19654.502720660937 
2.002239246208657 4.005438732269049 8.010341720763488 16.011068470116374 32.031212088914735 64.04515850170499 127.95505341826018 256.09996334192124 510.97832512857514 969.3921067108678 759.4703488635083 3554.334972895713 2177.364195267455 15567.506962931897 26215.856173916833 
2.0732897880273438 4.146568418749105 8.293182049462331 16.585661794579764 33.17167745467248 66.34568530436445 132.67914674705932 265.3390516409131 530.5979561289768 980.4744170042235 490.37318386368213 4130.855517072488 5766.243096320217 8252.99047080914 27641.92336760434 
2.0004613396375523 4.001089688161073 8.000556526201128 15.995572903591558 32.00609087561879 63.987016971036084 128.02983879123073 255.80122264419413 511.0289810974842 1020.2542317519875 1941.2287245299676 7.474943398591846 8075.542395824349 16201.526624832193 32017.165428459815 
2.000201436058647 4.000402387275297 8.000783371891714 16.001590469897998 32.00322316935924 64.0062409774685 128.01155192286734 256.02187348670196 512.0102212437952 1023.8772549396452 1938.5277923559183 1101.6288280234955 7924.954398783362 9972.342613498433 14572.132580484957 
2.0008590699440263 4.001779257640114 8.002986421617985 16.00413118480762 32.013393218592014 64.01478824383666 127.90781668813024 255.66959518616588 510.29391824158546 1020.223363225825 1827.6233968778722 3083.1889038652744 4103.620735612907 2898.482338215517 32477.250632146755 
2.0005258696960326 4.001051258825732 8.00123413997745 16.0003937327478 32.00688074492252 64.00103535319445 128.01706216831676 255.93155992066232 511.163857888695 1022.3034857067297 1999.4859304461304 3536.672338230813 8180.5253824019 10857.58543510832 2260.696118244504 
2.0026336644238514 4.0052673516560775 8.010534498423302 16.021067982893836 32.042137831839625 64.08426885610947 128.16845071259783 256.33710121532306 512.5024218032345 1023.3128832213886 1889.9120734694045 2955.004071685862 2796.0230394643054 11721.958909429999 12065.907872031363 
2.003725865282206 4.007452130320624 8.01489050084629 16.02881840492452 32.05890627851473 64.10298084522377 127.9939424825434 256.45065567177977 512.1988581208161 1023.4052249269913 1993.433448243694 3690.898578283716 8147.430110275961 4745.573749793942 9998.281232263329 
2.0043522911227805 4.00870800220748 8.017402217197567 16.03447488767057 32.06957603029636 64.13503213803358 128.27388728541789 256.54932256967544 512.9676873796652 1025.986297357319 1996.826959103326 3569.243305448544 4966.841061806378 13554.90040812336 3544.8791898533213 
2.0013078277500944 4.002614252892275 8.005090975654234 16.009854584261117 32.020898065489305 64.03879960052913 128.08346459349644 256.16671084083987 510.0753061578031 1024.4196209604186 1956.74729071791 3437.5507280059483 4753.410150264269 4297.906677477382 16362.2372332158 
2.0003928481471753 4.000785684952373 8.001569099711437 16.00313070741272 32.00628230871928 64.0125201663157 128.0250854564046 256.04991404927137 512.0992014537909 1024.1976501491367 2047.4299338969788 4092.927016701562 3278.035788192911 3276.5684858304353 32762.63360739202 
2.000474530757799 4.000949061515598 8.001898123031197 16.0037092017511 32.00757752746392 64.01481391084444 128.03006307219462 256.0578777150154 512.1099036623424 1024.2204800322017 2048.0614507028117 4096.236045395075 6796.731070281336 6794.8320034086055 6796.7594728610065 
2.0005029586509178 4.001099584525978 7.998688773856349 15.985485888826986 32.00545540207927 63.9322874258329 128.03038357212967 255.52167774200657 509.4889912989427 1018.6062848965317 1909.509174613712 2559.6491260228404 8159.2629662808795 1240.0732800577387 32477.577266134398 
2.0003856429609104 4.000771505580127 8.001520494452834 16.002994605159518 32.0061557234083 64.01197236571558 128.02420562617445 256.0465677099775 512.086143350784 1024.173231483775 2047.6444438751905 4095.443849465832 8170.2503033498515 6554.911633069343 6554.96448030781 
2.0005596359118556 4.001139809046684 8.00211283440043 16.00337043640524 32.008784280447095 64.01301959580596 128.03619172599065 256.0339428019386 511.98300984411463 1023.8909306963875 2016.0657940672381 2858.763090110658 8184.732693229263 16366.399810459947 1537.529367619578 
2.000377423983492 4.000754854829781 8.001502066079901 16.00298104558986 32.00603588136153 64.01190260104643 128.02398458242732 256.0468763530365 512.0918079338531 1024.1792590407313 2048.0791518643223 4093.269746860376 4186.747868965014 16368.088350508964 4186.179757426779 
2.000335650139419 4.0007963331498475 7.998678342382119 15.987906847063904 32.001838021143314 63.94265517938743 127.96133485625398 255.48471631246645 509.82513009333184 1018.8131411979818 1658.4212112543207 2310.0612691412857 987.6267963304698 16386.89501425639 32618.983187630292 
2.0003962180903514 4.000793581346763 8.001546798713482 16.003005924337366 32.00632205168334 64.0119954404386 128.02534725049983 256.0449654472236 512.0801806686555 1024.1498455244516 2047.3161188176825 4093.0754345630885 3278.04688892396 3276.5864052344577 32730.600051370573 
2.000474530757799 4.000949061515598 8.001898123031197 16.0037092017511 32.00757752746392 64.01481391084444 128.03006307219462 256.0578777150154 512.1099036623424 1024.2204800322017 2048.0614507028117 4096.236045395075 6796.731070281336 6794.8320034086055 6796.7594728610065 
2.000414417457816 4.000828297524082 8.000751920574961 15.997342008425269 32.00397984690139 63.98978399809565 128.00566264238427 255.88546338486088 509.7785725716347 1019.144565833268 1909.8925442441312 2568.0808743913344 8158.749005536268 1224.7811959936118 32681.699502124033 
2.000396643938868 4.000793487323265 8.001568589811127 16.003099223477438 32.006334846944995 64.01239170076109 128.02500211185685 256.0481668705751 512.0900055304492 1024.1810790386785 2047.8593790381856 4095.8288992577127 8170.132317392383 6554.947619599473 6555.000467128072 
2.000551423033203 4.0011361594841155 8.002062804952187 16.003359389212267 32.00876095638517 64.0140786739755 128.03617756142643 256.0371264399858 511.99593321217054 1023.8712235594223 2016.4213804323674 2858.8082135009163 8178.804808385713 16332.043805400706 1537.5288020083547 
2.000377423983492 4.000754854829781 8.001502066079901 16.00298104558986 32.00603588136153 64.01190260104643 128.02398458242732 256.0468763530365 512.0918079338531 1024.1792590407313 2048.0791518643223 4093.269746860376 4186.747868965014 16368.088350508964 4186.179757426779 
2.000410013760039 4.001248940022098 7.999115946493801 15.98698670389152 32.00444583995909 63.93732601976327 127.96506480205385 255.52534118928475 509.95215527687947 1018.9837381146187 1658.589092214678 2310.2877648787576 987.6523261680686 16388.648642386903 32759.03038529558 
2.0004003399903088 4.000800896877012 8.001599700784242 16.003194930838948 32.00640447614841 64.01277638967163 128.02562352596163 256.0509993886187 512.1003879400406 1024.2004190929783 2046.8027418773438 4093.9074326260557 3278.050261409648 3276.58639825069 32742.275150756697 
2.0004142463359784 4.000827894498803 8.000648791431608 15.99666502657037 32.00367728688327 63.98712311827671 128.00329231443033 255.8664871345541 509.5152750994001 1018.571306157702 1910.0587944636084 2568.0808743913344 8158.749005536268 1224.7811959936118 32681.699502124033 
2.0004146212168727 4.0008287059703616 8.001630126424873 16.003190502102658 32.00660646906883 64.01275306882508 128.02582341600674 256.04782710233906 512.0842008368257 1024.1500075662798 2047.136375970114 4085.2996034644048 8193.47899860061 6555.007176697958 6555.060024611277 
2.0003798412005525 4.00075961193364 8.001512310348517 16.00300252763536 32.00607546853838 64.01199291014586 128.02415665516696 256.0472074345689 512.0921339824044 1024.181593542876 2048.090082661609 4093.3978644326844 4186.758756510573 16363.48731349144 4186.184931679889 
2.000642814875879 4.001287784433737 8.002558070600152 16.0050684136605 32.01027858758894 64.02022276913478 128.04119187700445 256.0798087154767 512.1530596101919 1023.7768241992314 2016.1386436213704 2858.8615355346874 8185.028942972422 16372.06607538576 1537.5850264725752 
2.000395472883924 4.001114761768519 7.999074173215226 15.987870962509437 32.004036723573364 63.94141864519149 127.9670907631228 255.45487133724066 509.8433636429939 1019.3483187001586 1658.5404317693074 2310.2380228404118 987.6552465085929 16388.241553591124 32684.955253208518 
2.000390804201512 4.00078183743692 8.001555201743578 16.003082834817636 32.006247815499776 64.01231555399693 128.02500555620867 256.04849946698783 512.0944121319203 1024.1860443112048 2047.4145363184098 4092.9375662395832 3278.050847969511 3276.6137441211113 32684.607996640487 
2.0004354860989046 4.000872235306656 8.000968354874095 15.998209838888991 32.004890263334346 63.99329490427038 127.99938100812277 255.9015379863727 511.425252445753 1022.554164444695 1909.2862559802156 2568.104037340954 8160.215826028446 1224.8022078182235 32675.910687901574 
2.0004151227085383 4.000829661223822 8.001629201654467 16.003181451429853 32.006609633833946 64.01271796090145 128.0257828813224 256.0473563544798 512.0820910845991 1024.1549117590748 2047.1372405758398 4085.301717558738 8193.272237565287 6555.008955578198 6555.061797462104 
2.000448517797209 4.001014182094286 8.000927168359674 15.99938961168389 32.00679736792178 63.99380221065883 127.88920259116327 255.72879710222284 509.65644427872854 1018.9653534510803 1658.504629420924 2310.187633515812 987.6811674104335 16387.797149741666 32620.778936135517 
2.0005588950277864 4.001155152741479 8.00207644055696 16.00329670568754 32.00887466922948 64.01390299612409 128.03676514044068 256.03279223662634 511.9776737199406 1023.93077315481 2016.789076828896 2858.868159166071 8151.202352032391 16388.236116615248 1537.5363658139738 
2.000390804201512 4.00078183743692 8.001555201743578 16.003082834817636 32.006247815499776 64.01231555399693 128.02500555620867 256.04849946698783 512.0944121319203 1024.1860443112048 2047.4145363184098 4092.9375662395832 3278.050847969511 3276.6137441211113 32684.607996640487 
2.0004336534083853 4.000866792149114 8.000882316921002 15.997848455269978 32.004471999215795 63.988565344682 128.0066302091174 255.8868590710024 509.7688384003881 1019.240531201432 1909.9023805849681 2568.1052665902876 8158.82708149533 1224.7910860506079 32683.416099286624 
2.000415113192118 4.000829629059746 8.00162846028454 16.003179061935704 32.00660894007806 64.01270767943922 128.02576847399166 256.0472528584652 512.0816601656071 1024.1558902514066 2047.1372405758398 4085.301717558738 8193.272237565287 6555.008955578198 6555.061797462104 
2.000439622069189 4.0008644501316395 8.001261715504011 16.000659171630936 32.00639860754442 64.00437647962417 128.01800241217785 255.9645500161511 511.73396886692274 1023.280244642605 2015.9541142406752 2858.8981570228284 8144.942717731303 16331.085212648486 1537.4708455842313 
2.0003965835820856 4.000794094889329 8.001555576608943 16.00304036476624 32.006331336603814 64.01213861588272 128.0253832162373 256.0461191709123 512.0843666266512 1024.1602410158332 2047.4350888899858 4092.942975868213 3278.053768843649 3276.6042034677894 32705.243625280647 
2.0004336447174014 4.000866771619854 8.000877070198632 15.997814013639548 32.00445677731107 63.98841028148273 128.00650047795975 255.88582664012105 509.75451331313883 1019.2100639244037 1909.9108054076444 2568.1052665902876 8158.82708149533 1224.7910860506079 32683.416099286624 
2.000415113192118 4.000829629059746 8.00162846028454 16.003179061935704 32.00660894007806 64.01270767943922 128.02576847399166 256.0472528584652 512.0816601656071 1024.1558902514066 2047.1372405758398 4085.301717558738 8193.272237565287 6555.008955578198 6555.061797462104 
2.0003847821403795 4.001117806553517 7.999248172440177 15.988308827714791 32.004226072196424 63.94361500370626 127.96921651180632 255.47215885914676 509.90706434942456 1018.87439858987 1658.5626010228862 2310.254538648262 987.7094234402728 16388.266015074896 32621.714303057222 
2.0003924630554955 4.000785918967017 8.001562100265946 16.003103983496327 32.00627506709115 64.0123856708827 128.02513182070012 256.04906327136666 512.0905592247957 1024.1791678085303 2046.7962487311083 4093.892222650582 3278.0541405151707 3276.617066773985 32684.640951642006 
2.000442103948451 4.000885613125206 8.001688136990506 16.003202351786058 32.00698571917442 64.01254529564174 128.02634352346465 256.04619732797863 512.0669448438779 1024.1086065464017 2039.0805875036394 4080.8701310436995 6797.494025260204 6794.724781883654 6796.652220920849 
2.0004356685650584 4.000866693659253 8.00093656346516 15.997935828711773 32.00488427330748 63.988997486602294 128.0074887230119 255.88857525104382 509.77225731415876 1019.2473670360795 1909.9151899037372 2568.1224903391694 8158.881801054786 1224.799300470154 32683.635300173293 
2.000415987803156 4.000831378206502 8.001631829493068 16.003184469688044 32.00650978308734 64.01267185285617 128.02572772209575 256.0466662246689 512.0849329255 1024.1577839129159 2047.1911239377785 4085.3226415628064 8193.442567530095 6555.011005608481 6555.064672384722 
2.000434214029729 4.001128384312312 7.998885012321078 15.986690430467021 32.0037255495331 63.93618794549955 127.9624880827327 255.41248954075263 509.6849234693902 1019.4606810516731 1658.5626010228862 2310.254538648262 987.7094234402728 16388.266015074896 32621.714303057222 
2.0004014810364366 4.000805330331229 8.00002625434143 15.996185184876113 32.005253168614956 63.98046824172796 127.99814796798086 255.88444120045173 511.2744936898899 1022.3691798285156 1909.2884141977186 2568.124882099301 8158.700372610541 1225.3416456190612 32476.051625135056 
2.0006155452416623 4.0012474392628015 8.002353664153667 16.0043379805075 32.00979212086885 64.01689149177925 128.01072544377203 256.00566696692397 511.82582812306714 1007.8134960455403 1649.5045986065093 2319.3225687000454 987.7265178402888 16332.476068804775 32678.6909820584 
2.0004808516404458 4.0009621998464615 8.00191405672212 16.003805570570314 32.00769374208424 64.01518456087186 128.03075875127232 256.06005093233944 512.1175901238805 1024.2206123558651 2047.3851320846159 4095.089000225616 6848.632407781258 6757.902357841443 6807.664451299973 
2.000428558699941 4.000852398326279 8.000894999299899 15.997788595202275 32.00473654532684 63.98838382016463 128.00671043243648 255.8850130060764 509.74887368380473 1019.1966938961615 1909.9212029515525 2568.18088918055 8158.855139517518 1225.4391335220914 32459.53634581699 
2.000551428756362 4.00113616115099 8.0020628697906 16.003359743819857 32.008761066101215 64.01407990420034 128.03617766747254 256.0371369937649 511.9959773111495 1023.8713471731446 2016.430822231837 2859.171745170554 8132.274310106274 16332.043805400706 1537.5288020083547 
2.0006155452416623 4.0012474392628015 8.002353664153667 16.0043379805075 32.00979212086885 64.01689149177925 128.01072544377203 256.00566696692397 511.82582812306714 1007.8134960455403 1649.5045986065093 2319.3225687000454 987.7265178402888 16332.476068804775 32678.6909820584 
2.0004808516404458 4.0009621998464615 8.00191405672212 16.003805570570314 32.00769374208424 64.01518456087186 128.03075875127232 256.06005093233944 512.1175901238805 1024.2206123558651 2047.3851320846159 4095.089000225616 6848.632407781258 6757.902357841443 6807.664451299973 
2.000428558699941 4.000852398326279 8.000894999299899 15.997788595202275 32.00473654532684 63.98838382016463 128.00671043243648 255.8850130060764 509.74887368380473 1019.1966938961615 1909.9212029515525 2568.18088918055 8158.855139517518 1225.4391335220914 32459.53634581699 
2.00055095012391 4.001136021748908 8.002057447301514 16.003330087700082 32.00875189045962 64.01397701950113 128.03616879874897 256.036254372677 511.9922892778297 1023.8786384267663 2016.430822231837 2859.171745170554 8132.274310106274 16332.043805400706 1537.5288020083547 
2.000559873357921 4.0012593414619095 8.001323990073486 15.998076511466431 32.00802531318962 63.989260384237575 127.80357257029813 255.53913577030727 509.9313267158073 1018.9315470315664 1658.6089504209724 2310.3198820438606 987.7345095908199 16388.741574853124 32626.120899737238 
2.000396081928604 4.000793473573046 8.001540783235251 16.002981295568404 32.006317367450144 64.01189286510588 128.02533699761048 256.0441217293784 512.0770922156529 1024.1421575933498 2047.319257898341 4093.0754452392475 3278.060928534588 3276.6238512054115 32684.708630808404 
2.0005518752657587 4.001103922174997 8.002205487878268 16.004403293259042 32.008828247244786 64.01759866526064 128.03524352439058 256.0701903638317 512.1395251839078 1024.2780989796122 2048.4090197694013 4094.8604615566724 6864.554137609776 6745.33471864688 6813.990840354357 
2.000546911519715 4.001099194510332 7.998604780903123 15.985901241822146 32.005730587307134 63.93447633407575 127.94840983752161 255.50633164347227 509.5744569652803 1018.6500187368771 1910.2881569191904 2568.252777552039 8159.196284702942 1224.807682862849 32751.991288656645 
2.000600736087573 4.0012069635275544 8.00237851456156 16.004626053321775 32.00959803649027 64.01861828029924 127.99610085558463 255.96284466085774 511.7297909279845 1023.2789907371736 2016.1243857688812 2859.2482080295663 8133.822882318314 16332.508200516639 1537.5542640649564 
2.000480711130649 4.000802593557857 7.999140712624693 15.988209688523053 32.00414640698031 63.943716090019635 127.9677495983368 255.4691006908878 509.9298674972776 1018.8978233946086 1658.8330725873923 2310.020250797596 987.7352652821692 16344.076031739402 32621.682065234596 
2.0004266054807185 4.000853071228866 8.001698948742398 16.003379386728994 32.00681979840145 64.01352933883834 128.02729602482134 256.0535147543377 512.1017187339944 1024.20196549917 2047.4933848582077 4094.046938140193 4186.850415991551 16368.528402009708 4186.28288068747 
2.000396932751452 4.00079414700992 8.001540567221571 16.002981295568404 32.006317367450144 64.01189286510588 128.02533699761048 256.0441217293784 512.0770922156529 1024.1421575933498 2047.319257898341 4093.0754452392475 3278.060928534588 3276.6238512054115 32684.708630808404 
2.0005518514332556 4.001104194800405 8.001590026013579 16.00101373048948 32.00776850695306 64.00228519038593 128.01408043342897 256.02702949277574 511.8170436411243 1023.4668605993606 1992.9387848158672 3797.02638732586 6967.935913141893 7351.994454488587 5998.698421040211 
2.000427412274401 4.000854778448978 8.001704513098684 16.003398732695167 32.00683356851387 64.01359294364644 128.027344387911 256.05393661981725 512.1066261781796 1024.2115534242541 2048.2806317974087 4095.4360719393526 8163.51833921549 6555.121562180314 6555.100774251855 
2.000588689578881 4.0011772995201484 8.002205799938322 16.004111303944434 32.0091418298637 64.015639401561 128.03517538762154 256.0551788896615 511.3000475698168 1022.5206617117489 1909.4490342598936 2568.274544617486 8183.5445539457805 1225.4703816137117 32475.47451211928 
2.0005971389160586 4.001198297158489 8.00237131605771 16.00465000597636 32.00954505680114 64.01868078726245 128.00827588856447 255.99579438532538 511.8155698024256 1023.0864237204165 2016.120265549575 2859.2597166645905 8132.390455823573 16332.277060806317 1537.550761103531 
2.0005583073156417 4.001244985908544 8.001306417832572 15.998505025885473 32.008117047817684 63.990153736988525 127.8062367183649 255.54716461745514 509.96479999957256 1019.0126318265557 1658.5988567983377 2310.31888604184 987.7372821806157 16388.72821687263 32622.632274615145 
2.000396026525947 4.000793429721154 8.00153833560597 16.00297127440404 32.006315461489244 64.01185112837635 128.0253328258271 256.0437784302383 512.0758355594546 1024.1452394981072 2047.319257898341 4093.0754452392475 3278.060928534588 3276.6238512054115 32684.708630808404 
2.000712046327053 4.001443265296012 8.002431527053712 16.00342293635501 32.01148747008871 64.01357422437415 128.04367092274504 256.0918625440272 511.5034072772759 1023.0478903504605 2025.1788383225112 3831.03587962634 6838.102285985622 6467.645330193183 7352.58105558487 
2.0003977062130156 4.000795357833274 8.001589308809644 16.00317498502668 32.00636222839718 64.01269735957275 128.0254288757165 256.05068001601114 512.1009570118052 1024.2019166921352 2048.3746775852196 4096.644036337568 8150.373960235687 6555.202621548975 6555.025091680402 
2.0005971389160586 4.001198297158489 8.00237131605771 16.00465000597636 32.00954505680114 64.01868078726245 128.00827588856447 255.99579438532538 511.8155698024256 1023.0864237204165 2016.120265549575 2859.2597166645905 8132.390455823573 16332.277060806317 1537.550761103531 
2.000436001482901 4.0008725652809085 8.001737430895012 16.003447760417373 32.00698045139843 64.01376636899107 128.0266099792501 256.05183937202816 512.0982134176191 1024.1841829943373 2047.7391093772412 4093.4562149365383 4186.860851644625 16386.651297424392 4186.303360196415 
2.0005749620830917 4.001250843248257 8.001571235508955 15.99831815557935 32.008117047817684 63.990153736988525 127.8062367183649 255.54716461745514 509.96479999957256 1019.0126318265557 1658.5988567983377 2310.31888604184 987.7372821806157 16388.72821687263 32622.632274615145 
2.002401706337676 4.004803905910651 8.008982363473278 16.016610091415323 32.037581247916094 64.06458387418877 128.1367594016104 256.2726156536781 512.3560274858172 1024.5785429392956 2006.0535461366258 3861.3492925027467 6914.951336067027 7358.79265053356 6004.245259810744 
2.0003977683141705 4.000795540212071 8.001590952089627 16.0031815929043 32.0063641041443 64.01272591868185 128.02545410146638 256.0508932939136 512.1017486347127 1024.2034569149803 2048.393282285591 4096.745473430212 8150.372890733723 6555.20279728593 6555.025267412597 
2.000386222866828 4.00072385931893 8.00102530511864 15.999228965325493 32.00535919536057 63.999559472086816 128.0248289816244 255.9346118362896 511.5349495778984 1022.8919356512711 2016.431151956011 2857.682141631051 8131.564774041521 16313.49634153289 1540.7647465876855 
2.0005749620830917 4.001250843248257 8.001571235508955 15.99831815557935 32.008117047817684 63.990153736988525 127.8062367183649 255.54716461745514 509.96479999957256 1019.0126318265557 1658.5988567983377 2310.31888604184 987.7372821806157 16388.72821687263 32622.632274615145 
2.002401706337676 4.004803905910651 8.008982363473278 16.016610091415323 32.037581247916094 64.06458387418877 128.1367594016104 256.2726156536781 512.3560274858172 1024.5785429392956 2006.0535461366258 3861.3492925027467 6914.951336067027 7358.79265053356 6004.245259810744 
2.0005330326422874 4.001072171304025 7.998059308646353 15.986147596045333 32.00551058020008 63.934326613750265 127.94759415511234 255.50488422257578 509.5709036818577 1018.643528563131 1910.2811696833965 2568.2978945197906 8159.2510901543255 1225.4209848088863 32479.045287056673 
2.0003854182207097 4.000721153898945 8.001003453825458 15.999089435725711 32.00531642516766 63.999091906915744 128.02477659148514 255.93055728780385 511.60107150544604 1022.7967348362283 2016.430332647723 2857.682234821204 8131.5647938149405 16313.496381202205 1540.764750334343 
2.00056086733661 4.001259549269959 8.001339640730547 15.998166109364979 32.008053110383855 63.988903117120984 127.80361763516447 255.53923881831741 509.9317506722698 1018.9325718067499 1658.6090317112264 2310.3207691500747 987.7380872712988 16388.741575093114 32622.65886486113 
2.0004007847323493 4.0008015001994535 8.001601366807938 16.003196306357072 32.006410219429966 64.01277943464403 128.02516351197403 256.05011375881406 512.0971758290798 1024.1939922410922 2047.5219962563297 4092.8641155510586 3278.065584878534 3276.626213948634 32688.178375813597 
2.0008596847509836 4.001723297865117 8.003112611383907 16.0050493160046 32.01321422654571 64.01932222294066 128.04483761982553 256.08636995374655 512.0343243314518 1023.9777054542843 2038.545629424739 3758.952957275199 6895.040918992153 7405.927285443695 5999.62764014066 
2.000590294703465 4.001179657465381 7.998475558630787 15.987691218622668 32.00430095015888 63.939804112797425 127.97147534087088 255.54711769778496 509.69436450331017 1018.3959349899329 1910.332017768402 2568.3095963087508 8159.47020997792 1224.9065662581638 32672.37203221331 
2.0004073687740633 4.000801115410805 8.000871877617827 15.99921008426898 32.005430502402284 63.9947346506541 128.00894576206287 255.90675999491611 511.5081407960032 1022.7492314191278 2016.4908853434702 2857.3162902214212 8185.704894193675 16311.559089471366 1540.7701858776136 
2.000560882611293 4.00125955246339 8.00133988123754 15.998167486235033 32.00805353754928 63.988886210489504 127.80357268807407 255.53913603962076 509.93132782380735 1018.931549709792 1658.609144048981 2310.3207691500747 987.7380872712988 16388.741575093114 32622.65886486113 
2.0004054717319897 4.000811338346714 8.001609382369304 16.003186187354324 32.00648031690355 64.0127064699232 128.02573781455234 256.0505064231036 512.0974054174279 1024.191661821191 2047.2740369183318 4093.3773254054645 3278.0669215687135 3276.617937994456 32705.552666168613 
2.000884077763641 4.001768329953548 8.003319299083657 16.00587712407613 32.01377225780112 64.022941721226 128.0500787805686 256.097720019213 512.1063837252326 1024.1541013986903 2028.6403873147099 3760.7870955118233 6895.117217212417 7406.009236961884 5999.694030016597 
2.000399583110359 4.000799256880615 8.001594953070239 16.00318121094361 32.00639027547947 64.01272397442582 128.02550992316714 256.05058078682976 512.1001846419906 1024.1993434373414 2048.2722294642745 4096.273580542758 8149.310576682563 6555.24285106024 6555.009767053409 
2.000590510883515 4.001180171866218 7.998818482508169 15.987394215221947 32.00430095015888 63.939804112797425 127.97147534087088 255.54711769778496 509.69436450331017 1018.3959349899329 1910.332017768402 2568.3095963087508 8159.47020997792 1224.9065662581638 32672.37203221331 
2.000420327594902 4.000839577946254 8.001618035278174 16.00295693195407 32.006630559455694 64.0118831779298 128.02678597947323 256.04126967481085 512.0555822880145 1024.0868750863942 2039.198281093839 2855.9717361302232 8149.1570691346105 16313.545434552449 1540.7718077011702 
2.001094639507065 4.002188536726591 8.003830379292292 16.00699776698291 32.01666898218838 64.0304955480145 128.0470912538322 256.08346003687234 512.1164611850038 1023.9106095090247 1989.841027277758 3584.821795598103 7185.57630234725 7459.578702090008 5923.808936482627 
2.0005905425122292 4.001180247126802 7.998868654766515 15.987639218183935 32.00437415050774 63.94092214525248 127.96202195234979 255.54711769778496 509.69436450331017 1018.3959349899329 1910.332017768402 2568.3095963087508 8159.47020997792 1224.9065662581638 32672.37203221331 
2.0004206636800492 4.000839117255342 8.001613611260087 16.002932822657286 32.00666037850671 64.01165479954815 128.02668806495967 256.0404634504267 512.0572074596432 1024.0867405260224 2039.1983009839255 2855.9717639870164 8149.157148620476 16313.545593672743 1540.771822729667 
2.00041381578222 4.000827623892863 8.001653446990263 16.00330095515173 32.00661224300658 64.0131983384934 128.0264363267518 256.0526513604009 512.1047856587131 1024.2089216227373 2047.3868644289983 4093.0373430192967 3278.0721832335653 3276.6082284045715 32742.699212135583 
2.0016595326282203 4.003317475052667 8.006580590747683 16.012920793290284 32.02641758904159 64.05195861125897 128.1048705861648 256.19788147228564 512.3766214964559 1024.5875197536259 2029.3382046038362 4054.31771638138 6092.954308397638 7463.644012656448 6621.298345051331 
2.0004062381654233 4.0007908769428475 8.001138502626596 16.00046579144855 32.00584802392779 64.00355524406211 128.01305477020452 255.9603559580951 511.7261848760411 1023.2820074961546 2016.343938375837 2857.4638899079705 8144.576422695093 16341.666912628052 1540.7718807522351 
2.000550356902832 4.0012324444079805 8.001337499618357 15.998353238316934 32.007923442418644 63.9898175250036 127.80207857930058 255.5388507700882 509.9339177405601 1018.9392952470483 1659.595869166904 2309.4330620871838 987.731220956319 16388.62764786562 32622.432086675566 
2.0003896549480755 4.0007790785174935 8.00154472971393 16.00304368883996 32.00622377129476 64.0121489765447 128.02491883987662 256.04732943822256 512.090395283712 1024.1761697414215 2046.7668194112025 4090.351085868865 3.3128978132836218 15922.282377827909 32751.224252900098 
2.0000631080754125 4.0012265330334715 7.993752298496917 15.958582161559663 31.995464421476733 63.78754451338602 127.85595849178367 254.61381519993003 506.1215826456428 1009.8525194347466 1638.8003375924525 2211.78061157206 1108.6116785760526 16388.582592269675 32472.13077999715 
2.000678853701823 4.0013770767358885 7.997571242638045 15.982937523866003 31.986569739240167 63.90484661743337 127.90884684716937 255.42082734517513 499.1867470045805 997.1079119591608 1664.0936193136345 3275.190663999415 985.0093566468456 11260.610659424203 25367.010295637934 
2.0058889069255588 4.012172315469795 7.982187640212035 15.953284815403784 31.90224686798527 63.41272039333522 125.8293183649561 246.61069371045366 473.08303439626894 867.0150706726192 1049.5281190915189 1694.1705744510734 5989.967240380931 10121.93290442071 19650.82917327536 
2.0006597309636716 4.001442806643009 8.000708554571414 15.991054951599292 32.008432172148716 63.951219987274236 127.59027186585067 254.45070984730668 502.25161218503916 983.6286144279954 1636.7416449263942 3172.516785673949 1902.808144186427 9430.167723484226 20667.528659041884 
2.000578029754678 4.001156229643461 8.000946826723835 15.997588996527679 32.00707397127806 63.98830995713715 128.0065445102307 255.81848906286035 511.20044690449805 1021.6507323055979 1870.451651220185 2180.0636614486602 987.7765392665914 16349.273282491726 32581.78724105871 
2.001153867450035 4.002307723668177 8.004303205808792 16.009159102306853 32.01833662905263 64.03427997227827 128.0565542351918 256.1235734241998 511.9279349625999 1023.3824127265723 1989.6397109955708 2981.093126451399 1737.8082540884548 15755.462176697687 14757.188042833992 
2.0000631080754125 4.0012265330334715 7.993752298496917 15.958582161559663 31.995464421476733 63.78754451338602 127.85595849178367 254.61381519993003 506.1215826456428 1009.8525194347466 1638.8003375924525 2211.78061157206 1108.6116785760526 16388.582592269675 32472.13077999715 
2.0003779780923985 4.000756222716327 8.001502649670456 16.00297343552159 32.00604181508765 64.01187549749513 128.02418378157265 256.0468960885165 512.0908682072301 1024.1788502116165 2047.3520092801407 4092.7177104116654 3031.5944628416705 3661.0801567345657 32684.39894912896 
2.013450711825804 4.0327870008132045 8.020535253348985 16.182980980133784 32.32844200649805 64.30271047901869 127.95649809747205 253.86186057380138 517.6589702751767 1007.0763819775113 2052.132259882624 2755.6221995836313 1680.7341743226445 11167.579621103745 20555.800141414664 
2.0003896549480755 4.0007790785174935 8.00154472971393 16.00304368883996 32.00622377129476 64.0121489765447 128.02491883987662 256.04732943822256 512.090395283712 1024.1761697414215 2046.7668194112025 4090.351085868865 3.3128978132836218 15922.282377827909 32751.224252900098 
2.000578029754678 4.001156229643461 8.000946826723835 15.997588996527679 32.00707397127806 63.98830995713715 128.0065445102307 255.81848906286035 511.20044690449805 1021.6507323055979 1870.451651220185 2180.0636614486602 987.7765392665914 16349.273282491726 32581.78724105871 
2.0021427705016355 4.0042855515368005 8.008570577545088 16.017142073469785 32.03428226321239 64.06856715820571 128.13711788410237 256.2741967156336 512.5394537255792 1025.0864016606631 2048.517103608867 4015.9975502180537 1017.703337708309 14412.735909016983 17498.82637439404 
2.0091990258232046 4.018398369915197 8.036428241550555 16.07354748061689 32.14719926653765 64.27945449979684 128.57557663131143 257.17313280320707 514.1357138501712 1027.8347799133978 1093.276250472175 2372.113560155538 1920.4683055825078 15590.747409387357 29545.445989836277 
2.0091990258232046 4.018398369915197 8.036428241550555 16.07354748061689 32.14719926653765 64.27945449979684 128.57557663131143 257.17313280320707 514.1357138501712 1027.8347799133978 1093.276250472175 2372.113560155538 1920.4683055825078 15590.747409387357 29545.445989836277 
2.00059833012642 4.001201183287751 8.002363657113849 16.004578580084324 32.009542902929326 64.01819084742235 128.0302770292431 256.05830871788334 512.0779629070969 1024.1186231536258 2035.129625484519 4035.25734307368 1.207848294518144 16388.43878334901 32622.05614184364 
2.002239246208657 4.005438732269049 8.010341720763488 16.011068470116374 32.031212088914735 64.04515850170499 127.95505341826018 256.09996334192124 510.97832512857514 969.3921067108678 759.4703488635083 3554.334972895713 2177.364195267455 15567.506962931897 26215.856173916833 
2.000691404844389 4.0014233651817825 7.9958658666801385 16.002545231300658 31.88443034760816 63.66796215649911 127.62624846866359 253.8652255198444 491.29606806231925 980.1527725349642 1828.9677787282674 2457.0674913837966 2318.380426964856 7474.8075530059805 28838.464330370007 
2.0000631080754125 4.0012265330334715 7.993752298496917 15.958582161559663 31.995464421476733 63.78754451338602 127.85595849178367 254.61381519993003 506.1215826456428 1009.8525194347466 1638.8003375924525 2211.78061157206 1108.6116785760526 16388.582592269675 32472.13077999715 
2.003977949467172 4.008039193097759 8.014326278863052 16.032332654832775 32.06425582037864 64.11643155089703 128.24344531259928 256.4899216825405 512.9608295671733 1025.9533031762828 2035.2371063677142 4009.0058581419503 51.51718226217285 16067.143799684934 29321.473011827056 
2.0003896549480755 4.0007790785174935 8.00154472971393 16.00304368883996 32.00622377129476 64.0121489765447 128.02491883987662 256.04732943822256 512.090395283712 1024.1761697414215 2046.7668194112025 4090.351085868865 3.3128978132836218 15922.282377827909 32751.224252900098 
2.001470501960824 4.0029653691170655 8.005671641376033 16.011741913637724 32.023569113769526 64.04530779930057 128.09419597007857 256.1739592485831 512.1916658786226 1018.7668930331253 1984.8573426585044 3835.558324052697 130.64641916865176 13729.399350676618 32736.218193808436 
2.0000631080754125 4.0012265330334715 7.993752298496917 15.958582161559663 31.995464421476733 63.78754451338602 127.85595849178367 254.61381519993003 506.1215826456428 1009.8525194347466 1638.8003375924525 2211.78061157206 1108.6116785760526 16388.582592269675 32472.13077999715 
2.0091990258232046 4.018398369915197 8.036428241550555 16.07354748061689 32.14719926653765 64.27945449979684 128.57557663131143 257.17313280320707 514.1357138501712 1027.8347799133978 1093.276250472175 2372.113560155538 1920.4683055825078 15590.747409387357 29545.445989836277 
2.002239246208657 4.005438732269049 8.010341720763488 16.011068470116374 32.031212088914735 64.04515850170499 127.95505341826018 256.09996334192124 510.97832512857514 969.3921067108678 759.4703488635083 3554.334972895713 2177.364195267455 15567.506962931897 26215.856173916833 
2.0004155840581475 4.000831168261305 8.001662316032823 16.003324540508434 32.006649278854034 64.01329821841495 128.0265973356684 256.05319059055654 512.1063742229359 1024.2127407739943 2048.422601477719 4096.7533205430245 8080.64286406366 6555.161173718116 6558.563042017397 
2.0003896549480755 4.0007790785174935 8.00154472971393 16.00304368883996 32.00622377129476 64.0121489765447 128.02491883987662 256.04732943822256 512.090395283712 1024.1761697414215 2046.7668194112025 4090.351085868865 3.3128978132836218 15922.282377827909 32751.224252900098 
2.001153867450035 4.002307723668177 8.004303205808792 16.009159102306853 32.01833662905263 64.03427997227827 128.0565542351918 256.1235734241998 511.9279349625999 1023.3824127265723 1989.6397109955708 2981.093126451399 1737.8082540884548 15755.462176697687 14757.188042833992 
2.013450711825804 4.0327870008132045 8.020535253348985 16.182980980133784 32.32844200649805 64.30271047901869 127.95649809747205 253.86186057380138 517.6589702751767 1007.0763819775113 2052.132259882624 2755.6221995836313 1680.7341743226445 11167.579621103745 20555.800141414664 
2.0004808516404458 4.0009621998464615 8.00191405672212 16.003805570570314 32.00769374208424 64.01518456087186 128.03075875127232 256.06005093233944 512.1175901238805 1024.2206123558651 2047.3851320846159 4095.089000225616 6848.632407781258 6757.902357841443 6807.664451299973 
2.0000631080754125 4.0012265330334715 7.993752298496917 15.958582161559663 31.995464421476733 63.78754451338602 127.85595849178367 254.61381519993003 506.1215826456428 1009.8525194347466 1638.8003375924525 2211.78061157206 1108.6116785760526 16388.582592269675 32472.13077999715 
2.001470501960824 4.0029653691170655 8.005671641376033 16.011741913637724 32.023569113769526 64.04530779930057 128.09419597007857 256.1739592485831 512.1916658786226 1018.7668930331253 1984.8573426585044 3835.558324052697 130.64641916865176 13729.399350676618 32736.218193808436 
2.0003896549480755 4.0007790785174935 8.00154472971393 16.00304368883996 32.00622377129476 64.0121489765447 128.02491883987662 256.04732943822256 512.090395283712 1024.1761697414215 2046.7668194112025 4090.351085868865 3.3128978132836218 15922.282377827909 32751.224252900098 
2.000817050597721 4.001630269021494 8.002692219297026 16.006255294947323 32.01276027201445 64.01762401533374 128.0444813101442 256.05141217249707 511.6962941138657 1023.3845107282453 1976.202863329244 2635.543880269898 5310.364891264119 5760.1273536282615 14040.087507274076 
2.0003896549480755 4.0007790785174935 8.00154472971393 16.00304368883996 32.00622377129476 64.0121489765447 128.02491883987662 256.04732943822256 512.090395283712 1024.1761697414215 2046.7668194112025 4090.351085868865 3.3128978132836218 15922.282377827909 32751.224252900098 
2.003977949467172 4.008039193097759 8.014326278863052 16.032332654832775 32.06425582037864 64.11643155089703 128.24344531259928 256.4899216825405 512.9608295671733 1025.9533031762828 2035.2371063677142 4009.0058581419503 51.51718226217285 16067.143799684934 29321.473011827056 
2.001153867450035 4.002307723668177 8.004303205808792 16.009159102306853 32.01833662905263 64.03427997227827 128.0565542351918 256.1235734241998 511.9279349625999 1023.3824127265723 1989.6397109955708 2981.093126451399 1737.8082540884548 15755.462176697687 14757.188042833992 
2.0000631080754125 4.0012265330334715 7.993752298496917 15.958582161559663 31.995464421476733 63.78754451338602 127.85595849178367 254.61381519993003 506.1215826456428 1009.8525194347466 1638.8003375924525 2211.78061157206 1108.6116785760526 16388.582592269675 32472.13077999715 
2.002239246208657 4.005438732269049 8.010341720763488 16.011068470116374 32.031212088914735 64.04515850170499 127.95505341826018 256.09996334192124 510.97832512857514 969.3921067108678 759.4703488635083 3554.334972895713 2177.364195267455 15567.506962931897 26215.856173916833 
2.001153867450035 4.002307723668177 8.004303205808792 16.009159102306853 32.01833662905263 64.03427997227827 128.0565542351918 256.1235734241998 511.9279349625999 1023.3824127265723 1989.6397109955708 2981.093126451399 1737.8082540884548 15755.462176697687 14757.188042833992 
2.0000631080754125 4.0012265330334715 7.993752298496917 15.958582161559663 31.995464421476733 63.78754451338602 127.85595849178367 254.61381519993003 506.1215826456428 1009.8525194347466 1638.8003375924525 2211.78061157206 1108.6116785760526 16388.582592269675 32472.13077999715 
2.002239246208657 4.005438732269049 8.010341720763488 16.011068470116374 32.031212088914735 64.04515850170499 127.95505341826018 256.09996334192124 510.97832512857514 969.3921067108678 759.4703488635083 3554.334972895713 2177.364195267455 15567.506962931897 26215.856173916833 
2.0003896549480755 4.0007790785174935 8.00154472971393 16.00304368883996 32.00622377129476 64.0121489765447 128.02491883987662 256.04732943822256 512.090395283712 1024.1761697414215 2046.7668194112025 4090.351085868865 3.3128978132836218 15922.282377827909 32751.224252900098 
2.003977949467172 4.008039193097759 8.014326278863052 16.032332654832775 32.06425582037864 64.11643155089703 128.24344531259928 256.4899216825405 512.9608295671733 1025.9533031762828 2035.2371063677142 4009.0058581419503 51.51718226217285 16067.143799684934 29321.473011827056 
2.00115049858754 4.002299792455984 8.004121969607011 16.00766131111727 32.018414509098854 64.03292761747919 128.0539415773882 256.0677159321267 512.1162801866105 1023.8615606136653 1982.802524487878 3519.046262515937 7015.971774513233 5783.117259405719 8708.874732079417 
2.000678853701823 4.0013770767358885 7.997571242638045 15.982937523866003 31.986569739240167 63.90484661743337 127.90884684716937 255.42082734517513 499.1867470045805 997.1079119591608 1664.0936193136345 3275.190663999415 985.0093566468456 11260.610659424203 25367.010295637934 
2.000421323339463 4.001050250956477 7.999963926357224 15.987106768722422 32.004384067578435 63.9408755983228 127.91274180190956 255.30809572888785 507.4969767493175 1008.1846911076283 1626.6450747835468 3169.0827345797416 1899.2627199751394 9422.511635173407 20731.021336701095 
2.0000631080754125 4.0012265330334715 7.993752298496917 15.958582161559663 31.995464421476733 63.78754451338602 127.85595849178367 254.61381519993003 506.1215826456428 1009.8525194347466 1638.8003375924525 2211.78061157206 1108.6116785760526 16388.582592269675 32472.13077999715 
2.001153867450035 4.002307723668177 8.004303205808792 16.009159102306853 32.01833662905263 64.03427997227827 128.0565542351918 256.1235734241998 511.9279349625999 1023.3824127265723 1989.6397109955708 2981.093126451399 1737.8082540884548 15755.462176697687 14757.188042833992 
2.000387180043177 4.000738530032414 7.999151093046434 15.992377874396599 32.00327271663967 63.9687916780703 128.01980407391298 255.69765203967268 510.55729543030816 1020.5208522641843 1783.8655339621218 1705.869795895339 8104.961470323159 15556.116768371949 6555.084861179798 
2.0003896549480755 4.0007790785174935 8.00154472971393 16.00304368883996 32.00622377129476 64.0121489765447 128.02491883987662 256.04732943822256 512.090395283712 1024.1761697414215 2046.7668194112025 4090.351085868865 3.3128978132836218 15922.282377827909 32751.224252900098 
2.0003896549480755 4.0007790785174935 8.00154472971393 16.00304368883996 32.00622377129476 64.0121489765447 128.02491883987662 256.04732943822256 512.090395283712 1024.1761697414215 2046.7668194112025 4090.351085868865 3.3128978132836218 15922.282377827909 32751.224252900098 
2.000421323339463 4.001050250956477 7.999963926357224 15.987106768722422 32.004384067578435 63.9408755983228 127.91274180190956 255.30809572888785 507.4969767493175 1008.1846911076283 1626.6450747835468 3169.0827345797416 1899.2627199751394 9422.511635173407 20731.021336701095 
2.001470501960824 4.0029653691170655 8.005671641376033 16.011741913637724 32.023569113769526 64.04530779930057 128.09419597007857 256.1739592485831 512.1916658786226 1018.7668930331253 1984.8573426585044 3835.558324052697 130.64641916865176 13729.399350676618 32736.218193808436 
2.0000631080754125 4.0012265330334715 7.993752298496917 15.958582161559663 31.995464421476733 63.78754451338602 127.85595849178367 254.61381519993003 506.1215826456428 1009.8525194347466 1638.8003375924525 2211.78061157206 1108.6116785760526 16388.582592269675 32472.13077999715 
2.0004155840581475 4.000831168261305 8.001662316032823 16.003324540508434 32.006649278854034 64.01329821841495 128.0265973356684 256.05319059055654 512.1063742229359 1024.2127407739943 2048.422601477719 4096.7533205430245 8080.64286406366 6555.161173718116 6558.563042017397 
2.0091990258232046 4.018398369915197 8.036428241550555 16.07354748061689 32.14719926653765 64.27945449979684 128.57557663131143 257.17313280320707 514.1357138501712 1027.8347799133978 1093.276250472175 2372.113560155538 1920.4683055825078 15590.747409387357 29545.445989836277 
2.013450711825804 4.0327870008132045 8.020535253348985 16.182980980133784 32.32844200649805 64.30271047901869 127.95649809747205 253.86186057380138 517.6589702751767 1007.0763819775113 2052.132259882624 2755.6221995836313 1680.7341743226445 11167.579621103745 20555.800141414664 
2.0003896549480755 4.0007790785174935 8.00154472971393 16.00304368883996 32.00622377129476 64.0121489765447 128.02491883987662 256.04732943822256 512.090395283712 1024.1761697414215 2046.7668194112025 4090.351085868865 3.3128978132836218 15922.282377827909 32751.224252900098 
2.001183923387023 4.002369528314569 8.004527478708294 16.00855270513491 32.01009667854755 64.02664211975386 128.0554644963258 256.0028611508243 511.8539762800923 1011.3512980055283 1668.4343235402596 1606.4942237363482 8176.178829348737 3741.8030676664243 32734.108809342262 
2.0000631080754125 4.0012265330334715 7.993752298496917 15.958582161559663 31.995464421476733 63.78754451338602 127.85595849178367 254.61381519993003 506.1215826456428 1009.8525194347466 1638.8003375924525 2211.78061157206 1108.6116785760526 16388.582592269675 32472.13077999715 
2.001153867450035 4.002307723668177 8.004303205808792 16.009159102306853 32.01833662905263 64.03427997227827 128.0565542351918 256.1235734241998 511.9279349625999 1023.3824127265723 1989.6397109955708 2981.093126451399 1737.8082540884548 15755.462176697687 14757.188042833992 
2.003977949467172 4.008039193097759 8.014326278863052 16.032332654832775 32.06425582037864 64.11643155089703 128.24344531259928 256.4899216825405 512.9608295671733 1025.9533031762828 2035.2371063677142 4009.0058581419503 51.51718226217285 16067.143799684934 29321.473011827056 
2.0000631080754125 4.0012265330334715 7.993752298496917 15.958582161559663 31.995464421476733 63.78754451338602 127.85595849178367 254.61381519993003 506.1215826456428 1009.8525194347466 1638.8003375924525 2211.78061157206 1108.6116785760526 16388.582592269675 32472.13077999715 
2.013450711825804 4.0327870008132045 8.020535253348985 16.182980980133784 32.32844200649805 64.30271047901869 127.95649809747205 253.86186057380138 517.6589702751767 1007.0763819775113 2052.132259882624 2755.6221995836313 1680.7341743226445 11167.579621103745 20555.800141414664 
2.0003896549480755 4.0007790785174935 8.00154472971393 16.00304368883996 32.00622377129476 64.0121489765447 128.02491883987662 256.04732943822256 512.090395283712 1024.1761697414215 2046.7668194112025 4090.351085868865 3.3128978132836218 15922.282377827909 32751.224252900098 
2.0091990258232046 4.018398369915197 8.036428241550555 16.07354748061689 32.14719926653765 64.27945449979684 128.57557663131143 257.17313280320707 514.1357138501712 1027.8347799133978 1093.276250472175 2372.113560155538 1920.4683055825078 15590.747409387357 29545.445989836277 
2.008680552665375 4.019872078194667 8.027141715528462 15.999910966006352 32.126736519217296 64.10293371071974 128.36515371924244 256.4721825945166 512.2555049097255 1027.952587035363 1972.003535925901 3663.2351503537398 7277.438177780948 7531.359908509819 5814.982533481287 
2.000934192241067 4.001868372278032 8.00339730471133 16.006847068877217 32.01477772723316 64.02601191339103 128.03439491670372 256.031300553571 511.88013220777003 1023.1521370760667 1983.6101204626823 2749.0830161414665 547.9727517225689 15634.695459482216 28414.676929638532 
2.0003896549480755 4.0007790785174935 8.00154472971393 16.00304368883996 32.00622377129476 64.0121489765447 128.02491883987662 256.04732943822256 512.090395283712 1024.1761697414215 2046.7668194112025 4090.351085868865 3.3128978132836218 15922.282377827909 32751.224252900098 
2.0000631080754125 4.0012265330334715 7.993752298496917 15.958582161559663 31.995464421476733 63.78754451338602 127.85595849178367 254.61381519993003 506.1215826456428 1009.8525194347466 1638.8003375924525 2211.78061157206 1108.6116785760526 16388.582592269675 32472.13077999715 
2.000678853701823 4.0013770767358885 7.997571242638045 15.982937523866003 31.986569739240167 63.90484661743337 127.90884684716937 255.42082734517513 499.1867470045805 997.1079119591608 1664.0936193136345 3275.190663999415 985.0093566468456 11260.610659424203 25367.010295637934 
2.0006089195807775 4.001125585546527 8.00084744110071 15.994483500883272 32.00839526708497 63.97264095792515 127.98499940407508 255.83956822583696 510.85155122217924 1021.1561474868606 2002.4360546592693 3579.0261869978954 2856.7358724806177 6704.291621373854 17761.43820058163 
2.001153867450035 4.002307723668177 8.004303205808792 16.009159102306853 32.01833662905263 64.03427997227827 128.0565542351918 256.1235734241998 511.9279349625999 1023.3824127265723 1989.6397109955708 2981.093126451399 1737.8082540884548 15755.462176697687 14757.188042833992 
2.013450711825804 4.0327870008132045 8.020535253348985 16.182980980133784 32.32844200649805 64.30271047901869 127.95649809747205 253.86186057380138 517.6589702751767 1007.0763819775113 2052.132259882624 2755.6221995836313 1680.7341743226445 11167.579621103745 20555.800141414664 
2.0000631080754125 4.0012265330334715 7.993752298496917 15.958582161559663 31.995464421476733 63.78754451338602 127.85595849178367 254.61381519993003 506.1215826456428 1009.8525194347466 1638.8003375924525 2211.78061157206 1108.6116785760526 16388.582592269675 32472.13077999715 
2.0004969032285613 4.00099345011872 8.001957903098257 16.003743537074296 32.00786755452633 64.01472943206262 128.02444714776678 256.04118164217965 511.24489924078875 1022.1842553510611 1993.7104281590425 3834.120407555711 4389.507028020332 1935.4255745177613 31373.214488109486 
2.0003896549480755 4.0007790785174935 8.00154472971393 16.00304368883996 32.00622377129476 64.0121489765447 128.02491883987662 256.04732943822256 512.090395283712 1024.1761697414215 2046.7668194112025 4090.351085868865 3.3128978132836218 15922.282377827909 32751.224252900098 
2.0091990258232046 4.018398369915197 8.036428241550555 16.07354748061689 32.14719926653765 64.27945449979684 128.57557663131143 257.17313280320707 514.1357138501712 1027.8347799133978 1093.276250472175 2372.113560155538 1920.4683055825078 15590.747409387357 29545.445989836277 
2.001470501960824 4.0029653691170655 8.005671641376033 16.011741913637724 32.023569113769526 64.04530779930057 128.09419597007857 256.1739592485831 512.1916658786226 1018.7668930331253 1984.8573426585044 3835.558324052697 130.64641916865176 13729.399350676618 32736.218193808436 
2.000421323339463 4.001050250956477 7.999963926357224 15.987106768722422 32.004384067578435 63.9408755983228 127.91274180190956 255.30809572888785 507.4969767493175 1008.1846911076283 1626.6450747835468 3169.0827345797416 1899.2627199751394 9422.511635173407 20731.021336701095 
2.0009226203155657 4.0018454248521955 8.003671678256653 16.007301333454805 32.014664356024724 64.02926318091814 128.05411944855877 256.10561211426375 512.1890506714135 1022.7762584355114 2037.6780404946064 1877.7839107277641 8027.818941978073 10260.673666300465 8116.39388544366 
2.0091990258232046 4.018398369915197 8.036428241550555 16.07354748061689 32.14719926653765 64.27945449979684 128.57557663131143 257.17313280320707 514.1357138501712 1027.8347799133978 1093.276250472175 2372.113560155538 1920.4683055825078 15590.747409387357 29545.445989836277 
2.001470501960824 4.0029653691170655 8.005671641376033 16.011741913637724 32.023569113769526 64.04530779930057 128.09419597007857 256.1739592485831 512.1916658786226 1018.7668930331253 1984.8573426585044 3835.558324052697 130.64641916865176 13729.399350676618 32736.218193808436 
2.0003896549480755 4.0007790785174935 8.00154472971393 16.00304368883996 32.00622377129476 64.0121489765447 128.02491883987662 256.04732943822256 512.090395283712 1024.1761697414215 2046.7668194112025 4090.351085868865 3.3128978132836218 15922.282377827909 32751.224252900098 
2.002239246208657 4.005438732269049 8.010341720763488 16.011068470116374 32.031212088914735 64.04515850170499 127.95505341826018 256.09996334192124 510.97832512857514 969.3921067108678 759.4703488635083 3554.334972895713 2177.364195267455 15567.506962931897 26215.856173916833 
2.0000631080754125 4.0012265330334715 7.993752298496917 15.958582161559663 31.995464421476733 63.78754451338602 127.85595849178367 254.61381519993003 506.1215826456428 1009.8525194347466 1638.8003375924525 2211.78061157206 1108.6116785760526 16388.582592269675 32472.13077999715 
2.001470501960824 4.0029653691170655 8.005671641376033 16.011741913637724 32.023569113769526 64.04530779930057 128.09419597007857 256.1739592485831 512.1916658786226 1018.7668930331253 1984.8573426585044 3835.558324052697 130.64641916865176 13729.399350676618 32736.218193808436 
2.0003896549480755 4.0007790785174935 8.00154472971393 16.00304368883996 32.00622377129476 64.0121489765447 128.02491883987662 256.04732943822256 512.090395283712 1024.1761697414215 2046.7668194112025 4090.351085868865 3.3128978132836218 15922.282377827909 32751.224252900098 
2.0006597309636716 4.001442806643009 8.000708554571414 15.991054951599292 32.008432172148716 63.951219987274236 127.59027186585067 254.45070984730668 502.25161218503916 983.6286144279954 1636.7416449263942 3172.516785673949 1902.808144186427 9430.167723484226 20667.528659041884 
2.001590072664298 4.003180232470061 8.00635594306323 16.012717248919298 32.025439395939856 64.05084243128617 128.10172128775662 256.20311968557115 512.405471848252 1024.8104816241048 2049.5410470320016 3349.528119348077 6701.405195063363 9987.422767917442 3823.6786576683926 
2.0000631080754125 4.0012265330334715 7.993752298496917 15.958582161559663 31.995464421476733 63.78754451338602 127.85595849178367 254.61381519993003 506.1215826456428 1009.8525194347466 1638.8003375924525 2211.78061157206 1108.6116785760526 16388.582592269675 32472.13077999715 
2.0091990258232046 4.018398369915197 8.036428241550555 16.07354748061689 32.14719926653765 64.27945449979684 128.57557663131143 257.17313280320707 514.1357138501712 1027.8347799133978 1093.276250472175 2372.113560155538 1920.4683055825078 15590.747409387357 29545.445989836277 
2.000421323339463 4.001050250956477 7.999963926357224 15.987106768722422 32.004384067578435 63.9408755983228 127.91274180190956 255.30809572888785 507.4969767493175 1008.1846911076283 1626.6450747835468 3169.0827345797416 1899.2627199751394 9422.511635173407 20731.021336701095 
2.00059833012642 4.001201183287751 8.002363657113849 16.004578580084324 32.009542902929326 64.01819084742235 128.0302770292431 256.05830871788334 512.0779629070969 1024.1186231536258 2035.129625484519 4035.25734307368 1.207848294518144 16388.43878334901 32622.05614184364 
2.0003896549480755 4.0007790785174935 8.00154472971393 16.00304368883996 32.00622377129476 64.0121489765447 128.02491883987662 256.04732943822256 512.090395283712 1024.1761697414215 2046.7668194112025 4090.351085868865 3.3128978132836218 15922.282377827909 32751.224252900098 
2.000934192241067 4.001868372278032 8.00339730471133 16.006847068877217 32.01477772723316 64.02601191339103 128.03439491670372 256.031300553571 511.88013220777003 1023.1521370760667 1983.6101204626823 2749.0830161414665 547.9727517225689 15634.695459482216 28414.676929638532 
2.0000631080754125 4.0012265330334715 7.993752298496917 15.958582161559663 31.995464421476733 63.78754451338602 127.85595849178367 254.61381519993003 506.1215826456428 1009.8525194347466 1638.8003375924525 2211.78061157206 1108.6116785760526 16388.582592269675 32472.13077999715 
2.001153867450035 4.002307723668177 8.004303205808792 16.009159102306853 32.01833662905263 64.03427997227827 128.0565542351918 256.1235734241998 511.9279349625999 1023.3824127265723 1989.6397109955708 2981.093126451399 1737.8082540884548 15755.462176697687 14757.188042833992 
2.0004334920293227 4.000863985073984 8.001321703508863 16.001666746878055 32.00647339995109 64.00656898675601 128.0175517030392 255.98155257812468 511.23803530252565 1022.3821695089497 1997.6778266934907 3624.4267714390103 8176.233002937951 6751.72581051711 6548.167295114596 
2.001153867450035 4.002307723668177 8.004303205808792 16.009159102306853 32.01833662905263 64.03427997227827 128.0565542351918 256.1235734241998 511.9279349625999 1023.3824127265723 1989.6397109955708 2981.093126451399 1737.8082540884548 15755.462176697687 14757.188042833992 
2.0004020439521977 4.0008011362065155 8.001577975724526 16.003062551073516 32.006410779637115 64.01226034745343 128.0249098590467 256.04578763851947 512.081445424183 1024.152321360634 2047.2036036321797 4085.5361710151474 8193.233330882416 6758.5725414896215 6254.494252041917 
2.0000631080754125 4.0012265330334715 7.993752298496917 15.958582161559663 31.995464421476733 63.78754451338602 127.85595849178367 254.61381519993003 506.1215826456428 1009.8525194347466 1638.8003375924525 2211.78061157206 1108.6116785760526 16388.582592269675 32472.13077999715 
2.0003896549480755 4.0007790785174935 8.00154472971393 16.00304368883996 32.00622377129476 64.0121489765447 128.02491883987662 256.04732943822256 512.090395283712 1024.1761697414215 2046.7668194112025 4090.351085868865 3.3128978132836218 15922.282377827909 32751.224252900098 
2.0021427705016355 4.0042855515368005 8.008570577545088 16.017142073469785 32.03428226321239 64.06856715820571 128.13711788410237 256.2741967156336 512.5394537255792 1025.0864016606631 2048.517103608867 4015.9975502180537 1017.703337708309 14412.735909016983 17498.82637439404 
2.013450711825804 4.0327870008132045 8.020535253348985 16.182980980133784 32.32844200649805 64.30271047901869 127.95649809747205 253.86186057380138 517.6589702751767 1007.0763819775113 2052.132259882624 2755.6221995836313 1680.7341743226445 11167.579621103745 20555.800141414664 
2.000428558699941 4.000852398326279 8.000894999299899 15.997788595202275 32.00473654532684 63.98838382016463 128.00671043243648 255.8850130060764 509.74887368380473 1019.1966938961615 1909.9212029515525 2568.18088918055 8158.855139517518 1225.4391335220914 32459.53634581699 
2.00061066591305 4.001223900473045 8.002355926033124 16.004399685219017 32.00970430822733 64.0173453395412 128.03904025758223 256.0639366482538 512.0870825021445 1024.1644106335652 2045.1207562496586 4086.296493245121 5068.63497575625 1240.1209472623798 32470.073077044784 
1.7973761927329033 3.685661007728734 6.476395826620323 9.82288071590666 20.8101009396051 40.73908287907293 99.42508531233945 198.0395617480233 462.847388566232 825.8449095917678 1439.1191365696718 2914.8742890448493 5853.143910232318 16156.261035513488 23776.32323415595 
2.000623903089247 4.001247776378015 8.002383008261043 16.004245045610812 32.00973714654091 64.01625987801202 128.03673155275675 256.0513324864847 511.23997505641967 1022.3922824791147 1909.6493057195248 2569.9864481771815 8046.953872104246 1225.0103833907576 32626.256792788106 
2.00049459612231 4.001109039962862 8.001264388412753 16.000162972889093 32.00752247081806 63.993576661463955 128.01663205735213 255.89284888052651 511.4756603777318 1022.5178679879549 1910.6979011434335 2582.359900571665 8159.6373082759765 1202.1572239482002 32476.99419586592 
2.000405572621271 4.000811145812452 8.001622272629893 16.003244498853075 32.00648914430287 64.01297793887008 128.02595634350072 256.0519112987905 512.1038174186574 1024.2076303266172 2048.4136699405926 4096.8164279665625 8147.495748897116 12.550947359068605 31505.518742034157 
1.7701208715216703 3.715692307253684 6.423923335579844 9.65788928372322 20.48117633259222 40.09036852812427 98.47967975265095 210.92622600692712 461.4889382800594 823.1802533501549 1433.8792679219605 2929.6082220112144 5837.4927690228305 16113.059650623205 23712.746018545437 
2.0004142463359784 4.000827894498803 8.000648791431608 15.99666502657037 32.00367728688327 63.98712311827671 128.00329231443033 255.8664871345541 509.5152750994001 1018.571306157702 1910.0587944636084 2568.0808743913344 8158.749005536268 1224.7811959936118 32681.699502124033 
2.0004014810364366 4.000805330331229 8.00002625434143 15.996185184876113 32.005253168614956 63.98046824172796 127.99814796798086 255.88444120045173 511.2744936898899 1022.3691798285156 1909.2884141977186 2568.124882099301 8158.700372610541 1225.3416456190612 32476.051625135056 
1.4973153454374728 3.753243964952666 6.531745038706158 10.556180261599414 26.712571807870184 46.616249678629465 102.96589848575623 162.8832710197887 395.66146353717966 784.723717429473 1632.7446751922855 3022.031650389291 5984.178889903311 10938.78408980799 22198.08787706445 
2.000592091174292 4.00118390053522 8.000915740213955 15.99837138745632 32.00754147345813 63.98938784742531 128.01310708527848 255.87829299818324 511.23165976437065 1022.0916610657615 1887.0416026784465 2526.9874190942855 8163.065518717561 1306.9102827815555 32672.373393620168 
2.000614769309789 4.001231890864762 8.001264328530727 15.999714664903252 32.00833136470686 63.995479407374795 128.0104193861699 255.91137676380598 511.4916884370809 1022.6599568387044 1909.9343915389813 2571.6757939308227 8161.024888180125 1219.6717949919098 32531.03681570877 
1.6203404868265943 3.818319774294264 5.681208401731715 9.433853148671783 25.825156521703775 48.513507279620455 101.31499377361564 198.97603694692216 395.3203152398926 830.7229782032915 1513.9493163128398 3022.531804416039 5854.315079885989 11033.231044282938 22328.906056597494 
2.000465378946881 4.00093052359294 8.001846594451958 16.00363762892946 32.00742754262073 64.01450038580414 128.02977835749058 256.05696805305456 512.1069110280611 1024.2130531468863 2047.8426825079391 4094.4519168845113 5009.752456224159 1288.0727321902073 32670.987197059487 
2.0005632721333395 4.001114082290058 8.001604732514098 16.00158371492695 32.00820877095859 64.00087629993902 128.022890556464 255.92742724060147 511.54085940153306 1022.8148982089858 1930.9354635499406 2561.123823638056 8159.387787427849 1225.4357090445505 32480.974509173284 
1.8939057835625042 3.4214737147276217 6.5859358576225295 11.7486719920154 23.25417998999108 48.90904030590391 105.49497838587719 172.51297507994312 416.1238515867747 726.9214043740083 1482.8238225174052 2786.319115376769 5872.3430639246535 10962.228429674456 21965.738520514762 
2.0004281458835766 4.0008559156984695 8.001652990774575 16.003012915360227 32.00669438689413 64.0118479864451 128.0258892138722 256.0423728460167 512.0606886467943 1024.0956923486342 2045.6803059357592 4066.3390109547427 8193.05966381456 3.0495372332343336 32193.586588612954 
1.6554916840241363 3.524797525957471 7.179837391363477 11.706721884245347 23.16956774699492 45.76332934732891 104.45706433334894 164.42131031027708 400.59674005638647 837.7077188033746 1474.0865284015806 3008.055472977979 5900.598472089688 11009.466556844296 22052.50334630159 
1.6461979298407026 3.4763853362753117 7.138482996536146 11.520841970480458 22.842935598012843 45.06865687603637 104.18396292981716 161.13791925121745 397.0848972665852 830.2297694994124 1453.237645037133 3394.276170902028 5865.765748491571 10978.755684362952 21931.60859577895 
1.6675492999080028 3.8105228121953516 5.943237364462112 10.637982433281028 26.775373272772942 44.38949778122551 103.38380781697374 163.41539814816682 412.9814775988365 830.2576280852265 1524.2228723280336 2979.044535200309 5978.562870664823 11041.20666502225 22187.896575614614 
1.6426671047255517 3.505384900203165 5.962405415708579 9.702897208223039 29.85345331423904 42.92213769310208 100.62208064151544 199.25455765521167 395.96798074841894 829.7019052776587 1516.2051786332595 2984.8054988405393 5854.967054947663 11033.94642763625 22331.288359293238 
1.6566546384415421 3.837401827292027 5.898348321245492 10.570743050227449 26.729022026476407 46.66456117236719 103.04049117498678 163.16854362387622 395.4749399956619 784.6542486047554 1621.6399723202485 3022.3513269057444 5987.402566235776 10940.665926759246 22198.38568108377 
1.6196323076163797 3.5689668792646256 7.144512265498691 11.555054675040905 22.91295857816903 45.21366410397774 104.3610681682622 161.25846367968845 394.5218042652857 830.7868347389787 1455.0999837686054 3396.244714212948 5872.991558569083 10980.119329840927 21663.56574903436 
1.6642415066216003 3.839680085977152 5.946615133818015 10.668226100867626 26.82970814706365 44.47850987361125 103.49579758777394 162.0965434340278 412.93840702431544 830.1733340957641 1525.783057932824 2978.476984933293 5978.280937486281 11046.177470695979 22187.887889946018 
1.7279682115125763 3.8532728095756275 6.337616131510436 11.446149551619163 22.634145844024495 50.99221408283066 105.79142443298578 170.40179208742148 413.8145650380255 710.3233837502165 1465.812088918914 3030.0693943683323 5788.382128492479 10933.05431686783 22549.490041599514 
1.6687042071566702 3.538483063949452 7.198288063644205 11.827851876240194 23.417565194508978 46.272849075336545 105.17238772513878 166.89702745399103 403.8627764254534 843.3821261926261 1490.1642608665964 2801.406500411405 5902.1842282730095 11021.865859903652 22077.21320131406 
1.656696823754156 3.836065890013846 5.900483074446771 10.549849811392864 26.678805943865942 44.027634783465295 102.9296752612637 159.92789599483945 410.649798883151 825.6953030281735 1622.0999952915947 3018.0990990560595 5978.769893502158 11040.532285531297 22188.465104563926 
1.6528093418383627 3.83684680101728 5.8781662931029635 10.49021182054877 26.647198189558207 43.82244825441491 102.67507853877697 166.98918312737015 411.85006827155775 828.0457981923081 1624.2639797319932 3030.167597197453 5873.945377865289 10953.038150799124 21941.679647147637 
1.687258632632369 3.5171536241432726 7.4020911359367885 11.950699504878845 22.671579294176908 46.06254928757655 105.83918259989036 166.08373946285187 412.4681241278487 788.023127448545 1479.2677469079176 2887.1148667534067 6004.032123963428 11017.354049528642 21864.064119277682 
1.6733498733096197 3.5536570377892027 6.171442910948192 10.3096718177084 30.06847659973717 39.104605353325255 98.36681646749878 199.2199706137233 395.8952477154631 829.6093317688125 1514.4772497761317 2983.6668523176936 5852.4983446070755 11097.696383664288 22330.601805760398 
1.6160979506440427 3.9435097270375645 6.224665320166429 12.499428761649892 21.785152622878517 44.30876943002345 80.38073604213983 211.30551420604385 408.4083694636639 817.7720665555485 1505.3883609623244 3010.4006699576958 5921.504875703175 10809.468593163327 23463.471442323877 
1.6833480357713828 3.848717234538591 6.063583606061025 10.993251169562273 27.134931579042966 45.63239312492122 104.94298447610686 167.64834596673052 418.78899741218487 670.4809472808384 1614.4574349936597 3020.6719012491285 5984.079521440242 10932.419377038106 22185.645949222297 
1.6849169255030185 3.5135513298834806 7.259186486955688 11.792163878546274 22.307410366506325 45.36176151044984 104.96280717392517 162.59239309954782 408.5480391119205 874.2841722064347 1476.5072812420478 2991.53887113485 5874.609041813484 11019.790607310479 21864.043794131998 
1.9587530372277853 3.414294102913108 6.231163808490137 10.575722134773068 23.920553070961088 47.056018243052975 103.79326540424681 162.83230559271087 382.5328957102438 827.5724591885148 1627.6552233153886 3026.119214392491 5994.500318581292 10954.251600967205 22225.93838306672 
1.9884160394300536 3.3908733641961466 6.282880980115823 11.217325854981608 22.202147647989907 43.7266657132781 102.69048349731915 199.52447582180037 401.6390520586754 839.4309687917586 1490.2121271843528 2889.5972121592035 5567.169334773042 10911.877172317283 23012.96992829234 
1.6208753211832485 3.4771858859249387 7.098090188713763 11.274654676368467 22.280789472367374 47.91216197914407 117.81166427009417 164.77953955453592 401.1786710890303 838.8031225324322 1476.6547952468666 3007.906969110602 5911.321701997089 11029.208277871801 21877.440862410647 
1.6648734846904902 3.9611407551804243 6.071986413179165 12.497721495150452 22.26350372474951 44.65704955633012 81.15018968293171 212.39712093133846 410.7172724511745 822.3814181497642 1459.901663058024 3018.551779318597 5937.538234420054 10838.736843571116 23527.002295084232 
1.6703853274586495 3.9619739819584976 6.159847878609602 10.880675760210694 21.433294741398164 42.08251436175178 100.61916487102727 212.24024595931718 410.38169138163715 830.5654661012776 1460.0356552167627 2984.207258118974 5947.868700525524 10887.107589786166 23518.964194138563 
1.6723940929838468 3.964674300157931 6.16898915064514 10.875195543501352 21.44576682702687 42.10685193368531 100.68056974906676 212.37156734235592 410.59558585671306 831.0710464704636 1460.8856476732649 2985.958644937829 5951.820141497242 10893.379697264232 23548.636471431044 
1.9950817613959857 3.38994571223989 6.268885956523481 11.15652209713338 22.074882229046878 43.454551698773834 102.51895635583732 198.81122031737183 400.681008672409 838.3477853352972 1483.483720999145 2873.886825906263 5993.127045724892 10958.857205813143 23094.42781439221 
1.66603205610009 3.961298006354437 6.133730133475183 12.57662939444253 22.48749971867263 45.09550558883482 78.74499262690341 212.40836508013177 410.7438445676997 822.4342876888242 1460.061031545872 3018.84186873589 5938.147297792553 10840.255619075431 23496.79235749853 
1.9979482191888358 3.4655137959659843 6.468848146594533 11.724882095869878 23.239136160818457 45.86137981887107 105.53133106349233 163.7040499165143 401.7679349811039 840.129865948951 1489.0944800829798 2928.3953017313684 6024.492720340079 11036.824278467728 21732.827761928336 
1.5665109713934275 3.352535420660614 7.18806068014903 10.461553867040852 28.46184527460429 44.553830600508796 104.55085635970836 208.3011813087395 418.00070558124503 800.9132252135438 1520.240354854891 2981.8988998216355 6560.829356566264 11379.091753012584 17356.85871460579 
1.5458294071067011 3.373498780731491 6.905744697903149 10.404236751670433 26.77167259057318 44.065979414068615 102.65705559558162 156.38366267076074 409.751001834868 822.3801664769403 1431.0442978046265 2925.6553859453484 5863.427088395779 10639.628447726876 32162.571669055877 
2.0113110888206074 3.7864354958995157 5.945530511768623 11.190525113644464 22.162911329436316 43.63105237510231 102.86202265167273 199.50131595359616 402.05925328672276 841.0807345787913 1489.0725912213702 2885.123808498114 6015.444853133348 10863.966986116639 23152.907988275074 
2.0010972677869248 3.7287534377852465 5.5072104233348655 10.1754072083876 26.538205681054087 43.200751435120395 102.29238453826858 198.28474551698224 398.9866373011736 836.5851230326628 1477.8243296825974 2990.8050623327263 6027.442973612004 10839.520437040439 23117.297338256994 
1.614378735284008 3.4499012481008418 7.073492691152016 11.234071075233715 21.83244889670293 46.78047672038364 116.84702010858682 176.6869365922694 411.05661594974026 711.6201074149103 1425.7827322244734 2714.4523305430084 5652.702187062086 10635.45930763903 32106.47801268907 
1.5737614662874149 3.944644469420334 7.171174075944522 11.541161927403529 22.25594670699197 44.686797970948476 127.02718775197093 179.80725964950943 414.67252331836204 722.1228450655648 1527.9018170960394 2776.10227029739 5779.950838638567 11097.107245719395 22498.533567224935 
1.9406881421546496 3.135868405221815 5.949194192248453 9.60805544954179 25.720899073036023 41.48027388223461 127.5830459982663 199.44629809432666 393.37302129916816 828.6695927206762 1450.586640464485 3391.765766657945 5799.39656023238 10926.104098221442 22382.79271021446 
1.59090666240827 3.794467173378129 7.200748809028196 11.695581078451509 22.79828524923115 48.542693341073566 127.92938970823826 185.1595836682833 423.28927537640214 745.1126276528794 1518.1440690113388 2859.3547749613695 5936.174550066317 11430.288734803014 18844.19365758556 
1.5278792206988983 3.2879823430349764 7.084666402299256 10.011770966069179 28.009155849501113 50.03906522395106 104.35777362789014 161.94746832539798 415.59086954769504 775.2066341436123 1447.0612331215389 2615.191806612245 5843.852152048048 10595.593545563346 32762.910020401552 
1.5130830314943995 3.2695616658698325 7.076542024721993 9.774435181608316 27.972493169416413 42.679520577973946 101.7184780075692 199.10583829650224 407.0978266007627 773.1365453375238 1455.5197878207714 2818.6260027736853 5878.1164828966475 10658.11266969189 32958.15682481002 
1.6661533864305942 3.8103843753507967 5.913565171411037 9.390350294119765 26.065613347527286 48.69249161996983 102.23547194923201 159.0730018697131 408.36200334293505 819.7179252163482 1417.6577652697995 3027.052415516148 5859.73134098675 10627.251485304003 32168.472719545207 
1.6811300971962255 3.8325583901083715 5.919022310031846 10.413140681207684 26.68512446273121 44.057712607968895 102.64316378663207 156.34697965480674 409.69529188038666 822.2692387182578 1430.783574368708 2927.7119586064437 5862.94116903388 10638.704860835807 32204.616782144134 
1.7554280970410872 3.1082710526846564 7.005797928672663 10.891585605092066 21.099915246654678 45.59485556326001 101.46879224784685 237.0289871152073 410.691370089456 711.2038845264594 1516.6313057024406 2533.6972319623433 5653.748735362647 10632.55135768889 32324.01542254706 
1.6646362466324467 3.811708409227673 5.9201820609692914 9.397532120357026 26.08155954790964 48.74347962205951 102.30272327816112 159.15131752820236 408.63029096163723 821.7519724880033 1418.756719382146 3029.398956255257 5864.273746080688 10635.489624302587 32193.40939766958 
1.5349473755676977 3.299793953386016 7.106461119041968 10.079428455699265 28.068474003229877 50.251108197472504 104.7492284446249 160.25399513393376 416.3592567460097 776.5811187684274 1449.5105516922101 2619.2817343613947 5875.111043477211 10617.295368794286 32830.01479171393 
1.5398976312526123 3.743586753652701 7.06658648653442 11.201440932138778 21.76048182681006 46.71298004067557 116.77455304225796 176.18013732941583 410.40917132229345 709.6238387470149 1449.8433547870204 2714.158291146304 5652.158848419386 10634.23869927861 32565.303560284527 
1.5496789839584926 3.9411518155934315 7.104839594993367 11.445075957184356 21.9144621912906 44.09998358755851 102.64362911890878 156.63359833682551 405.31449816271544 821.6463597441686 1430.136949393548 2923.674046263544 5859.227137753266 10572.474550476387 32061.23894098733 
1.566723637908971 3.3509523311725142 7.182156898548478 10.439444814432198 28.425771304666178 44.98264722788679 104.60212620498723 161.17841628557508 407.13554571381746 773.2067309626107 1455.516862935838 2818.8360642619136 5879.954405002373 10659.17950430158 32961.455804982405 
1.5504989851784576 3.749456014848364 7.114717754296178 11.322132628800938 22.379640282648907 47.3955139961148 117.18276335652449 168.26776719598058 411.2333556051465 702.450741520107 1451.110300734034 2712.881961313125 5656.546876431797 10637.171838732691 32407.008309204273 
1.6612691403644892 3.1561092720006783 6.874447086161955 9.736759310926441 30.667452693342504 47.214394895036094 104.46286636722904 160.528117653931 407.0056347632018 831.371014344049 1452.795226727985 4091.282929661579 5821.610833879661 11092.332843543363 20288.56407134251 
1.6399064938383472 3.9495075778215036 5.853063615716831 10.180924990236353 26.430450886536185 43.074948001205215 101.74498791942834 162.81961061408083 407.91984727615795 820.352034910318 1315.4171279952916 2876.4202360258364 6731.311213628615 10807.533193483094 32682.753408938748 
2.012277673206578 3.82326200583945 5.656433308402922 10.566708419423325 20.34201528509846 44.774288206283124 116.03553833728922 196.7638642181413 396.8790439036276 831.9176034695339 1470.4674493859004 3383.9411687410015 6015.145833274499 10863.426952593923 23151.75708764384 
1.699861192573484 3.584038564459686 7.529223888721821 9.400170402695533 29.038951762130427 44.928083845264084 105.47830058054267 205.9432938726426 419.51088648247173 807.1166545436141 1522.0553466075016 2955.6536193783213 5419.633487780931 11207.30185037807 25153.976723782445 
1.971826700753262 2.829564966172968 7.945674060749669 10.699906064881388 21.151931272567094 45.0604949023463 100.45252252234714 192.17579265776 393.6792469848354 826.0447037936335 1450.2203105162632 4099.153703701895 5565.945987107527 10909.479361389967 23007.912984386843 
1.912871295381017 3.6894911354436655 6.866456989314706 12.572041049788513 23.59522289025256 51.154425280537765 109.91221585341759 184.67572015703237 414.01419381851343 796.0328362369324 1719.1634422074803 3145.3708590935635 6432.672881088057 12066.29485301139 12224.022269799712 
1.929719927034448 3.5599757056342702 6.646445285556205 12.235539548357668 29.501840033619118 50.81240440375962 119.25614789379549 205.68431023241112 329.4504702916903 819.1631086645691 996.4003243219581 2902.4370828078268 6007.167153389534 10926.78085482922 23144.136725268614 
1.946453066997845 3.7441687183126535 5.210583570282422 15.80711387204722 31.677185555613338 39.71529966369411 93.18197047371801 164.502836083773 407.43312278737545 704.8322714450015 1613.248650017453 2756.2465784907104 5907.290078012992 10869.289673873094 26016.020885491624 
1.9958677995645462 3.624079031219783 6.881119227701882 12.679962253123334 31.47214349324038 54.924618162623986 76.41672899005944 177.42541340594693 402.5998021935603 766.9708930374653 1677.0703174038172 3040.271689925033 6232.606421724023 11609.120993171644 14934.654909482319 
1.9955577494375794 3.904659407726935 7.732698838802686 10.27428681965753 22.861126706682263 45.38906267819315 128.12548721744312 167.39395018708842 337.90068545308054 829.7551229632874 1453.963791177438 3395.388263278615 5815.524733531294 10961.458654492875 21631.05269068049 
1.6228041331694272 3.400211952963628 7.2805649386458775 11.053031023832911 28.85669420357861 58.32906299188882 110.19919833465327 219.7806902160662 440.6489018244374 854.224812916439 1645.539730456495 1862.5671274881545 6563.107181926914 11339.679144363507 17357.821988721917 
1.6412723732588799 3.472223306089759 7.355809691294319 9.00794526098871 28.45042691575434 43.22312537794596 129.25311720584864 157.5131308927076 405.0255306125922 765.7259406158879 1435.6977798227035 3376.398008419256 5914.56035930468 10816.72364455087 32022.262275095036 
1.8233145664495403 3.752411598799219 6.255544292802152 11.475868485918145 22.599000916566595 64.14882218758343 107.27277905150767 174.07726307645578 413.5394275286767 860.3519258492148 1907.7466632595442 2969.3738311229604 4719.295995424133 9729.79090742343 22171.57804829999 
2.0104687299515027 3.9382661452489156 7.803266496099847 10.642672685284985 22.346075346349725 45.602126095294025 129.05375017919877 168.53940071888178 340.1724083456495 835.569508733194 1462.141749956225 3442.04045198568 5857.665762232474 11040.888656931415 21787.797757384247 
1.9601696283656564 3.954479781611252 6.845481617934874 14.566079806485027 30.146318433341133 57.63280314301636 46.27884741552014 176.3215033120246 389.52469692040813 772.3575332385278 1600.5510319106274 2964.4546137443954 5867.345820951206 16485.874112560374 22320.221322529847 
1.961568824278427 3.397060970529982 7.468455520617787 14.341981631185512 27.20059507185562 54.118421391484475 112.63247221495659 206.79811882396996 441.3662711149013 369.747103753536 1321.691236090939 2979.134788615033 5932.46393010522 10682.338108475496 26768.771108461468 
2.003692795331628 3.8565724038104077 7.534569824205523 12.173067000447366 27.418413623259376 54.3225923169032 114.42170044378305 202.09996828273373 438.2462032307335 869.2457566238335 1174.4987667121063 3264.759853625973 5895.082018970094 11986.448358531943 12475.697303246805 
2.003684011269958 3.856601722648069 7.534646984445253 12.173636052619543 27.41911176221502 54.324062235758184 114.42381305632601 202.1080232974767 438.2574376691963 869.8361390111007 1174.973404293039 3265.0088975740314 5888.40736024733 11986.520363884301 12475.697378649176 
1.6519640843708137 3.1097601969337263 8.187426981964897 9.941874808749864 31.394643609216804 48.23675935986679 106.81458811736103 155.02043119095808 413.2668988156264 1043.8332171485958 1488.1692203780296 4189.566140660401 5960.756954441258 11362.358643306188 20726.643695995095 
1.6275342722869917 3.7809122383687903 7.249089667508919 11.922728601974887 30.21931237205097 51.433421550174124 127.55552970878097 203.05271496325545 444.7093340003747 814.2398514459878 1687.104443774067 3178.1493577003107 6515.5613398389605 12707.375438070843 8317.816301539006 
2.0071902892779945 4.000287153836384 7.711224400248925 13.403062354464872 31.90802627763951 54.234948652256165 118.25648108868873 207.86831043586008 397.8210897645738 530.8208075281493 1528.235201570264 2996.3985739688887 4982.362649177738 11261.972262642379 17666.342048014747 
1.9103651297960864 3.8745300927628654 5.6022966745238625 10.210535406311987 28.266136204807005 48.32311741034726 129.19643448665843 208.96324093815088 515.7858405035284 825.4156873916818 921.6018977362548 2934.5402015055915 5903.483002245786 10713.499514979854 29439.64289766061 
1.8797074821487398 3.8072364352073125 7.696025808521852 12.511069444833137 30.43891349416517 60.54881728406498 123.11448663096142 218.32103961039854 287.78077506493145 877.4394254645138 1721.663799195285 1859.5972038933462 5921.877481035547 11242.602611073722 17972.305076025503 
1.8946636034495767 3.8310978153400947 7.733429655482736 12.821422566405358 30.581852311099592 60.865807071712304 118.56071261748914 218.03863940840338 280.70143368720153 875.7965667118816 1718.0503758508376 1856.4337245373902 6022.863569492004 11253.54585196341 17968.92935605977 
1.9997565499502363 3.972770294569474 7.077945615074431 15.742892631699272 28.581891855200475 58.60619642682786 128.3652224147463 171.91682426029666 399.52119387486977 543.6758470597288 1704.923262965399 3105.3826999929843 6358.412398761458 11885.594599759039 13566.609460406524 
1.979003145230199 3.8725088012794444 6.217522646059913 16.048999284027744 31.94517978807192 48.533276931510684 106.34534020297477 180.61934712457267 440.86364356220156 804.2836959707842 1590.4836723443088 3136.068657808074 6552.65095513415 8318.546482703841 14784.945801548243 
1.8449536466701597 3.5408377067188623 5.8752074134850485 13.131271670068486 32.379492531216556 64.36044463556927 120.1508222991606 147.03942686680656 470.7508083694077 939.430752034493 1890.2085708454347 2224.7625637487445 4461.676712738993 9471.09343991858 27368.794408529266 
1.8832086644177453 4.0363845945012775 7.668799675174703 15.323758507273514 27.88372516014375 65.09937506914477 110.50657632246391 232.06702505141692 485.9862678754579 673.657530391465 2099.41101853635 3100.5423256693657 4330.446173042071 8121.638310031974 18491.78070959973 
1.9869932984849115 4.098975372394031 8.010921940693851 14.549159836165778 28.037932990607413 65.37883375429853 111.12659853614079 233.27276929696544 484.1933662102726 676.4865347396121 2108.2274313752837 3113.562959040503 4348.631750283127 8155.744883560228 18569.436381320702 
2.0364147600702407 4.072830437637516 8.1345002845976 16.23668395023011 30.77287791624912 61.000240438315 130.30718662456192 240.23220815524186 314.8380919536944 663.4675227619022 1705.6135220690705 4139.643487601161 4377.693461553626 9511.84553779586 16560.38933706324 
1.9412980449090234 3.9236168440081767 7.873717092393981 15.915555416329816 31.38619526474449 63.590591571909705 118.93144562438688 222.3886205161323 423.3635984050194 817.2240475328776 908.2891056931362 3978.0493330552354 6498.620266612489 6750.437751549262 18047.28902265253 
2.00176391788695 4.003779212987112 7.965400272453328 16.014709449870118 32.03436877868939 63.68373497055146 126.07990993610657 249.15260440541593 484.14190378431505 947.807329554373 1381.1891848528492 2848.2900103383336 4463.89906741204 10727.366004801817 10481.3664138195 
1.9934446664073062 3.9716256135847923 7.972279094567015 15.651925920005175 31.889741526640755 63.195641550845664 126.72428441465745 250.14390963912527 508.4864627641276 991.6436530769699 1538.3258910418713 1674.4466631107198 4242.849045288334 10221.927305088899 17702.30962371355 
2.0019043902997677 4.004403246389208 7.982751141691101 15.999450100015322 32.02563792828049 63.82741716959187 126.69839670353286 253.8442370522556 499.22937078038234 966.8861555604349 1361.7261326004937 2536.195649825805 5001.907697928688 12485.877526710208 8962.540121327265 
2.0103565053835357 4.022144346934187 8.02944281038675 15.921292891763477 32.13186759310643 63.58246372109807 124.59857923093023 248.62145825290742 514.6803503117019 934.9196645828744 1170.5579265354354 2019.9580703538204 2922.5053178839385 11475.207849208702 26831.017546424424 
2.031174449620781 4.061209951107558 8.12472751576778 16.216313907847315 31.475519942999885 62.64257064863444 129.9822831458856 248.43918865916115 406.2260073396997 699.4346934413608 2042.4257381396812 2361.554357316581 4147.761615815552 8302.111648266597 20353.839603050947 
2.0053868374742025 3.990618520549557 7.734251207933364 14.16783431394309 29.917409344572665 59.46942618138472 125.42161793217494 243.93441806968428 490.89339417296 983.9868694312335 682.9765961082348 3493.4902991832837 2465.2947716283684 14958.239489953461 32842.14900655924 
2.000114620853749 3.9989855829780807 8.000301654501413 15.97702471853758 32.00067246944607 63.9554521530558 127.9407622575922 255.15986569179313 503.63429323775324 1009.553999811594 1644.132818563322 2201.7447933455255 3132.6164206947415 10277.672800665297 17204.103567500475 
2.0001715966626774 3.9987431497442656 8.000364854968467 15.969672860735425 32.0026169835705 63.94114462812067 128.0593504372504 255.41195768059015 504.71801838503904 1009.2418016996272 1665.7462863221876 2184.0941095286616 3133.0193198470197 10278.994655978137 17206.316260601765 
2.0026866980847484 4.0053723475209155 8.0100771670818 16.01994191877921 32.01956623364747 64.0800203447612 127.94702997978847 255.79642041175603 506.0828779372652 1012.0035893092682 1107.5295755727007 2170.043189300338 3024.9356837937275 10273.463572173901 27306.04710435475 
2.0006493452745078 4.000907910063784 7.999040981387846 15.984522447207796 32.00217682734125 63.845731860609284 128.03478546923907 256.08298633998015 506.02680473423186 1005.9955092588496 1785.9874413306566 2258.364645424477 5134.430089373684 11378.897786561607 8498.211407130244 
2.0118090234282753 4.020881065085359 8.011155823037141 16.106137330505003 32.19725697018829 64.38630677454952 127.41244495943765 253.49905156806508 513.8603136740315 1019.683531550102 804.376802337772 1776.5589661914335 6292.553677954116 9663.754712786473 23929.88979161355 
2.0000111795991233 4.001088656240628 7.989485014164456 15.942138098844499 31.995889947817574 63.72342156963427 127.70639129531983 253.13480929270742 494.36844113823906 984.6526918286178 1640.213238165664 3170.2120942160877 1903.1932923074994 9428.254581026553 20691.323930356833 
2.0015928673692107 4.003226293628562 8.001878354883322 15.989814086708229 31.99280067317685 63.99851850940857 127.38908736901172 253.58582216566091 488.986340013363 891.203994231926 1107.9951537603438 3128.1008860389775 8028.290942444548 10268.164676216766 7961.028994725008 
2.005302942609562 4.010498970248381 8.010647831070436 15.993563448678623 32.077848026864544 63.9665311406963 127.30855716453715 255.40778984334295 491.1591820345978 968.7440704807253 1569.2566387761678 3189.2531540935333 4917.965897653213 8092.478082517149 10315.445511871932 
1.999664713094858 3.9943155494198823 7.947620205822558 15.627679738046263 31.879137729735035 63.01859328851696 127.03606644671649 251.03490564443493 500.72637521416374 1019.2715979954979 1268.0119849465966 3580.4631443110984 4939.689031554943 16351.820280119384 5812.218480768935 
2.0006597309636716 4.001442806643009 8.000708554571414 15.991054951599292 32.008432172148716 63.951219987274236 127.59027186585067 254.45070984730668 502.25161218503916 983.6286144279954 1636.7416449263942 3172.516785673949 1902.808144186427 9430.167723484226 20667.528659041884 
2.000421323339463 4.001050250956477 7.999963926357224 15.987106768722422 32.004384067578435 63.9408755983228 127.91274180190956 255.30809572888785 507.4969767493175 1008.1846911076283 1626.6450747835468 3169.0827345797416 1899.2627199751394 9422.511635173407 20731.021336701095 
2.002359142252084 4.00575517428133 8.010931839722328 16.011481205164557 32.03274175921051 64.04686471525237 127.94883480220697 255.84825521113763 510.4691709441965 951.768870365398 403.97909900844036 3403.733964288577 3865.327788061496 15944.439638866514 26218.0482501021 
2.002239246208657 4.005438732269049 8.010341720763488 16.011068470116374 32.031212088914735 64.04515850170499 127.95505341826018 256.09996334192124 510.97832512857514 969.3921067108678 759.4703488635083 3554.334972895713 2177.364195267455 15567.506962931897 26215.856173916833 
2.005310466778475 4.0105419287362105 8.013032239796642 16.014216403819116 32.08113990706534 64.0910674921773 127.79707499597662 255.6907845476229 500.5180481494814 996.9503351597456 1791.9254029094523 2907.5900539214663 4848.896393948623 8077.5865248860055 10315.255595048919 
2.0048061267103945 4.007611527158206 8.007235558356978 16.016836221662654 32.06487989602602 64.13515662038569 127.80225660560737 254.7540575699882 508.5462632856265 1014.9344353369974 1899.1333536791576 3171.703914835355 4372.09804654452 12337.729869332068 6127.667822360748 
2.00085185413239 4.001731415785057 8.00110566242274 15.990361684228178 31.987412648141166 63.94534111013906 128.00699820493327 256.1030523034011 508.71873136822944 1018.3086172199945 1835.681238568823 2696.0846878446932 6202.469378094846 10281.407100556882 5868.862562734554 
2.0027943605635463 4.005716083853285 8.009718324535843 16.01051556429567 32.02604086811026 64.03000042112161 128.14711228210894 256.36092035961804 510.1100749755852 1020.9075373042075 1892.1312740023243 2694.214096094811 6240.968881823896 10160.835328325653 5874.725702073923 
2.002770774129987 4.004997715017927 8.01067541232281 16.009890974876892 32.04399054082595 64.0306706253218 127.82010912710967 255.60688119326772 509.0274304738249 1006.9224362245639 1717.437550729705 2767.535961132093 4861.276880797976 5906.927594515267 15095.766816063131 
2.013450711825804 4.0327870008132045 8.020535253348985 16.182980980133784 32.32844200649805 64.30271047901869 127.95649809747205 253.86186057380138 517.6589702751767 1007.0763819775113 2052.132259882624 2755.6221995836313 1680.7341743226445 11167.579621103745 20555.800141414664 
1.999964193560771 4.001775409168056 8.002554725718376 15.98660368204538 31.979971905338545 63.906535863239455 127.54030403552342 254.393488028464 505.9889425795146 996.3443403084253 1311.8169335665643 3745.5171238503367 753.8499362314715 15677.67506608976 26589.75630064116 
2.013280156287547 4.029983648125894 8.02435319644294 16.149558561489805 32.273880351231355 64.19514632303982 128.071102796568 256.9151376462004 516.6910267110376 1024.9721292937932 2058.9607241707495 2726.606810967801 1666.443207215929 10960.50951707668 21043.470564401174 
2.000314619214728 4.000776942534418 7.996078853503915 15.974760305648202 31.999400315368426 63.88120399302974 127.8714290726777 254.83931401824788 507.7539388358077 1012.0358806248573 1792.28810246726 1706.4933270548815 8105.026829293002 15870.868126193605 6502.52395027553 
2.000387180043177 4.000738530032414 7.999151093046434 15.992377874396599 32.00327271663967 63.9687916780703 128.01980407391298 255.69765203967268 510.55729543030816 1020.5208522641843 1783.8655339621218 1705.869795895339 8104.961470323159 15556.116768371949 6555.084861179798 
2.0000631080754125 4.0012265330334715 7.993752298496917 15.958582161559663 31.995464421476733 63.78754451338602 127.85595849178367 254.61381519993003 506.1215826456428 1009.8525194347466 1638.8003375924525 2211.78061157206 1108.6116785760526 16388.582592269675 32472.13077999715 
2.000201436058647 4.000402387275297 8.000783371891714 16.001590469897998 32.00322316935924 64.0062409774685 128.01155192286734 256.02187348670196 512.0102212437952 1023.8772549396452 1938.5277923559183 1101.6288280234955 7924.954398783362 9972.342613498433 14572.132580484957 
2.000572072034133 4.001143500289319 8.002260186168686 16.004549726877748 32.009153425362086 64.01805011865636 128.03493079737996 256.06831795935 512.0945579451701 1024.0094040786332 1939.1523219979897 1109.0605099606294 7927.069397516632 9989.668264793534 14476.720780523176 
2.0032890462370334 4.00660004175573 8.010945619693286 16.01065887885619 32.02766402296948 64.02781567498938 128.16538940493047 256.3909331223069 509.1941653447777 1013.5049804616384 1730.3744247927893 1669.8842038398839 4778.528925498788 5780.3078506686015 27171.44128548194 
2.001304431210388 4.002608747865037 8.00427148556645 16.010172031396348 32.02047379757526 64.03324134123642 128.0292889850629 256.16515606562774 511.4367661233064 1022.8459232362611 2006.2114204604309 3284.5357463827017 3490.8379761489996 7004.519649798431 14758.299076493131 
2.000555569248912 4.000882004311779 8.000229375785866 15.992296113653916 32.00626699704647 63.96164943539378 127.98764267446023 255.54004311798576 509.9311972213374 1018.8668714254103 1658.6525435847052 2310.550554885695 988.6582986383146 16127.455318991302 32622.686770410797 
2.0007593146870812 4.001521041334343 8.001780743513905 15.999679035462625 32.012146757975614 63.993598292539346 127.82360910369844 256.094243503193 509.7603733557436 1010.438996169131 1949.7420906930317 1214.1561039502262 8093.619202782069 8772.207240139021 15247.096052225976 
2.000549794720087 4.000984167555296 8.00107108794346 15.986423496043274 32.001877266682484 63.884569919382365 127.71887057332673 256.02378032280296 509.22823551798945 1016.5451379543143 1860.263218372371 3088.4839196034804 6464.712013693217 6853.3012796394 8518.391126970972 
2.0079749894303203 4.015974374310847 8.024067985559839 16.023669136318674 32.127889152289754 64.14335234323242 128.3911692067193 256.98938150713093 513.015280072237 1017.3193971572322 1980.876280016967 1915.912719681782 8059.458812014532 10307.448820836751 7986.524249579881 
2.0009226203155657 4.0018454248521955 8.003671678256653 16.007301333454805 32.014664356024724 64.02926318091814 128.05411944855877 256.10561211426375 512.1890506714135 1022.7762584355114 2037.6780404946064 1877.7839107277641 8027.818941978073 10260.673666300465 8116.39388544366 
2.003945333440528 4.008482009205683 8.016793166232526 16.0223588296602 32.052488048614336 64.1118820258839 128.17953060927553 256.0344902301361 510.8107610949228 1021.5521403356962 1825.7799281403761 2610.9227542128533 4073.6428188416617 4845.194089966862 22216.336319581686 
2.000558777512715 4.001117733385495 8.00223128771271 16.004449285871065 32.00894136690686 64.0177958142522 128.03568437797995 256.0705974483534 512.1306013149285 1024.2619501290503 2048.1432527938214 4083.0817730517256 3074.01880284613 14938.636351669371 7351.871514920082 
2.001041014882653 4.001896152026031 8.002043106462276 15.99743555713987 32.01656430241067 63.98120271227592 128.00715668453742 255.58053008104747 507.3898155881391 1018.7676202681592 1961.07432712355 1451.3446394376676 7946.854739814697 7480.057826230621 15301.813980071342 
2.0006597309636716 4.001442806643009 8.000708554571414 15.991054951599292 32.008432172148716 63.951219987274236 127.59027186585067 254.45070984730668 502.25161218503916 983.6286144279954 1636.7416449263942 3172.516785673949 1902.808144186427 9430.167723484226 20667.528659041884 
2.001144902325762 4.002285829001791 8.002213146528813 16.00367482700629 31.93548385199335 63.94620129480707 128.07158646287223 255.3166128374488 511.3064793148016 1019.7453227476573 1950.811905329887 3895.114153527733 7065.774942646665 8117.043001477165 4941.772237833944 
2.0022464102344175 4.00449486285962 8.008898096881731 16.0174625810071 32.03586032355119 64.06953387937982 128.14400078765817 256.28787100377986 512.4497404739149 1024.8501618809537 2047.6544790548598 4025.450228543111 6364.051864618138 3920.34997254863 12840.400943268183 
2.0014331251850574 4.002613889224322 8.006669129153627 15.9947338900456 32.0324787834348 63.90682221027703 127.98212827203368 256.22498174564095 510.09887183398735 1015.9324846249065 1979.5113925306487 1970.1732358302804 3350.9753449197706 6444.3399021102505 29426.058857171716 
2.000695282563224 4.001216973414029 8.000929709065314 15.990290019251074 32.008392421071264 63.96570495278506 127.97546583360544 255.7152682283997 511.7567884745063 1019.7559746254504 1984.4989999550069 3379.1203534919655 8177.04943379008 6399.319946641096 7459.824728350677 
2.0004579151370354 4.000915385115435 8.001724180193992 16.00064747771419 32.00453010609401 64.0000393117932 128.02316222414368 256.02617067119536 512.0827292841815 1023.9179178801556 2043.7264101340863 3792.5987051575503 7737.2145199046745 6072.93726156497 7489.5080087569395 
2.0058889069255588 4.012172315469795 7.982187640212035 15.953284815403784 31.90224686798527 63.41272039333522 125.8293183649561 246.61069371045366 473.08303439626894 867.0150706726192 1049.5281190915189 1694.1705744510734 5989.967240380931 10121.93290442071 19650.82917327536 
2.000712046327053 4.001443265296012 8.002431527053712 16.00342293635501 32.01148747008871 64.01357422437415 128.04367092274504 256.0918625440272 511.5034072772759 1023.0478903504605 2025.1788383225112 3831.03587962634 6838.102285985622 6467.645330193183 7352.58105558487 
2.0010522448244643 4.002104475813272 8.00382432665695 16.008329468070396 32.0166816317102 64.03041516905375 128.0671797972344 256.12311036957385 512.0930005991283 1023.9453881876474 1996.1697229595327 3106.163077653571 2461.622294347085 10069.017173384316 14756.438665945305 
2.002697119552607 4.0048757824317835 8.00855986087277 16.008751489618167 32.04312400001582 64.02654964442279 127.8665897516733 255.22377178085057 512.1861156631151 1022.3083751516905 2003.1831362139333 880.9010994103882 6128.9015698807125 9435.126978310307 20606.866792983117 
2.0026866980847484 4.0053723475209155 8.0100771670818 16.01994191877921 32.01956623364747 64.0800203447612 127.94702997978847 255.79642041175603 506.0828779372652 1012.0035893092682 1107.5295755727007 2170.043189300338 3024.9356837937275 10273.463572173901 27306.04710435475 
2.001183923387023 4.002369528314569 8.004527478708294 16.00855270513491 32.01009667854755 64.02664211975386 128.0554644963258 256.0028611508243 511.8539762800923 1011.3512980055283 1668.4343235402596 1606.4942237363482 8176.178829348737 3741.8030676664243 32734.108809342262 
2.000201436058647 4.000402387275297 8.000783371891714 16.001590469897998 32.00322316935924 64.0062409774685 128.01155192286734 256.02187348670196 512.0102212437952 1023.8772549396452 1938.5277923559183 1101.6288280234955 7924.954398783362 9972.342613498433 14572.132580484957 
2.001590072664298 4.003180232470061 8.00635594306323 16.012717248919298 32.025439395939856 64.05084243128617 128.10172128775662 256.20311968557115 512.405471848252 1024.8104816241048 2049.5410470320016 3349.528119348077 6701.405195063363 9987.422767917442 3823.6786576683926 
2.002731170539917 4.0053529702660935 8.009549268615336 16.019245922149512 32.042779189572855 64.07905197790171 128.17378333254422 256.31273536264564 512.6387912480455 1025.0549679697149 2022.0567572787593 3949.30093622554 5147.441455369957 5788.584164600689 11026.876409896311 
2.0059162743575225 4.0116767799170345 7.980146410850345 16.035550811056694 32.068476965548555 63.67550958626224 127.74905323686662 253.37422695532572 482.8702401329443 1002.9707523590173 1804.300321050864 2346.8805774089674 3909.754334733082 5814.051739770911 22285.18291675632 
2.00115049858754 4.002299792455984 8.004121969607011 16.00766131111727 32.018414509098854 64.03292761747919 128.0539415773882 256.0677159321267 512.1162801866105 1023.8615606136653 1982.802524487878 3519.046262515937 7015.971774513233 5783.117259405719 8708.874732079417 
2.0051213591468473 4.010121493148176 8.01412657864369 16.01912162215949 32.078717911087026 64.10279146878787 127.96156406959206 255.96300083732888 504.32912506225364 991.5297469940048 1793.4527090771512 2915.0819657387697 4834.861728195873 8076.602206157798 10313.998598390674 
2.0027943605635463 4.005716083853285 8.009718324535843 16.01051556429567 32.02604086811026 64.03000042112161 128.14711228210894 256.36092035961804 510.1100749755852 1020.9075373042075 1892.1312740023243 2694.214096094811 6240.968881823896 10160.835328325653 5874.725702073923 
2.002721441492119 4.00544231436928 8.01056296429374 16.020633827997344 32.04332493695754 64.08258717325137 128.147757147782 256.25584218058447 512.4567605361648 1024.7833882015534 2044.9929175555055 3776.790571022093 4349.051972949465 15311.226917858605 4047.2711029863567 
2.0009371821154844 4.001565289261335 8.001898040318881 15.99624829549217 32.003731945804105 63.93872608470615 127.975866112779 255.3929120103672 510.4124955199401 1019.9873600040629 1991.9001751351693 3549.750046998316 6013.157643127298 8210.13450942854 6125.484576942939 
2.0043197859802073 4.008446180411101 8.016496386275588 16.032903652177506 32.06856716268449 64.12691974237734 128.27595124278275 256.521106829437 512.8862517737986 1025.6041704562374 2005.7983475672715 2926.001557787489 5950.199053877517 5117.84772973603 12931.649235784102 
2.007913030110984 4.015826060221968 8.031652120443937 16.063304240887874 32.12660848177575 64.2532169635515 128.506433927103 257.012867854206 514.025735708412 1028.051471416824 2056.102942833648 1725.9255784905192 8082.463008288281 4052.665242220928 22756.815117090537 
2.00270290831893 4.005377912142098 8.007862705358637 16.00652541717111 32.0382286854575 64.01186372193004 127.87517277392679 255.36430090997672 511.4182677006842 1018.3924647060857 1845.9814952372253 2407.3872899299536 4238.341518375446 15637.787636082674 7747.368599262802 
2.000934192241067 4.001868372278032 8.00339730471133 16.006847068877217 32.01477772723316 64.02601191339103 128.03439491670372 256.031300553571 511.88013220777003 1023.1521370760667 1983.6101204626823 2749.0830161414665 547.9727517225689 15634.695459482216 28414.676929638532 
2.0014130756159982 4.002912499608412 8.004634582303773 16.012260197700925 32.02488394177311 64.03428340738883 128.05660536858 256.01519538509194 511.66153824515976 1024.2198556734786 2037.4435808999656 4029.7053240396167 3076.1054752423247 10873.856884350444 9701.438427453295 
2.0011852797563088 4.00237003536352 8.004420002006881 16.008724241619444 32.007609002401246 64.02553091434865 128.07562408947592 256.1411773721464 511.95528539692725 1023.8103844425893 2023.215731708955 3322.2881093343412 6417.563315392859 939.241498984231 27285.562182073907 
2.002126453586644 4.004244621684299 8.005942484983708 16.015891941888675 32.02844868793948 64.03555895567129 128.09468508701679 256.0618973288207 510.6562809988042 1016.0138222574981 2015.0824317302024 3423.136397545428 5574.025764609275 12604.77436304612 3168.36566610493 
2.0053912718076865 4.010606626717216 8.021820960305057 16.035714119980774 32.08819351712761 64.1589758932287 128.0711255035077 256.69338697062096 513.0178388862685 1024.544096234532 1865.0098251216298 3752.03694256913 6199.410130603438 1591.5903586193003 22053.606741426538 
2.001121672112511 4.002254583942606 8.004290298950728 16.00754319174102 32.016284142210175 64.0340786284307 128.02661954025228 256.03737841851796 511.09325013452946 1019.9148943665095 2009.984835172386 1591.933149761158 8013.1549471730905 7922.5650376135845 13166.972226250015 
2.0004947458887514 4.000990810202026 8.001970295928377 16.003898049321847 32.00790005143755 64.01556141084687 128.0309275054263 256.06049637917107 512.0981632336718 1024.1953035860838 2047.5434882869413 4086.373964559511 5803.895968182568 4658.74223687666 11978.158146051177 
2.0007150649619754 4.001431107606205 8.00221082748555 16.0054222252489 32.01112152428998 64.01729742385068 128.04247310901337 256.0421882683971 511.98587427639234 1024.2440300969672 2033.0176887043451 4076.549224948471 2099.928250993125 10118.695037133577 14815.235295117742 
2.003945333440528 4.008482009205683 8.016793166232526 16.0223588296602 32.052488048614336 64.1118820258839 128.17953060927553 256.0344902301361 510.8107610949228 1021.5521403356962 1825.7799281403761 2610.9227542128533 4073.6428188416617 4845.194089966862 22216.336319581686 
2.003561330404603 4.007122663641848 8.014245285511882 16.028490457096954 32.05698126547569 64.1139616948205 128.2279035105921 256.45579924563077 512.9113547566436 1025.8229684790233 2051.6322385324897 3392.460057929286 4130.917660836644 11790.55198253892 6482.865589327276 
2.0006089195807775 4.001125585546527 8.00084744110071 15.994483500883272 32.00839526708497 63.97264095792515 127.98499940407508 255.83956822583696 510.85155122217924 1021.1561474868606 2002.4360546592693 3579.0261869978954 2856.7358724806177 6704.291621373854 17761.43820058163 
2.0014364025716187 4.002846885526158 8.00029003366189 15.993088497294542 32.01965063894096 63.99422316776714 127.74320957449774 255.54788373449801 504.3545565910667 1006.1386808595036 1886.29986610463 3368.0952937370976 4247.777564435829 8061.5481764190245 10294.774271419677 
2.0036656290279637 4.007923060234286 7.990002965612654 15.854516915321227 32.045468679604575 63.51384113534587 127.57664394339427 256.22217070051585 509.55314962536215 992.9317456657907 1650.1405118655243 2179.3148438034705 4850.554762784033 12947.356498659496 8970.163601863276 
2.0054007934786107 4.010729290294414 8.016737431034269 16.026495045280168 32.08648185262659 64.12479089031457 128.02390967663382 256.105010742969 505.78064582800425 1010.0628945168748 1783.7669857027936 2907.084998032358 4847.451993857787 8080.159982379184 10317.360390339067 
2.0006355222582823 4.000959257157142 8.000567575982798 15.995938989151709 32.00998628787982 63.97486241759308 127.9565031591211 255.53543074425073 512.0224619515443 1019.4121443035237 1968.711137735029 1379.1412121961823 5526.8162026913105 5460.5312317652515 29904.441317800487 
2.0021427705016355 4.0042855515368005 8.008570577545088 16.017142073469785 32.03428226321239 64.06856715820571 128.13711788410237 256.2741967156336 512.5394537255792 1025.0864016606631 2048.517103608867 4015.9975502180537 1017.703337708309 14412.735909016983 17498.82637439404 
2.000186107914832 4.000372281563671 8.000240223038226 15.9998084701746 32.00240432240753 63.99843920680347 128.00807074707546 255.95619345618323 511.4653204749583 1021.9012165070056 1836.364404379985 2707.9581892456417 6212.067462315823 10262.643469089322 5820.255111032389 
2.001041014882653 4.001896152026031 8.002043106462276 15.99743555713987 32.01656430241067 63.98120271227592 128.00715668453742 255.58053008104747 507.3898155881391 1018.7676202681592 1961.07432712355 1451.3446394376676 7946.854739814697 7480.057826230621 15301.813980071342 
2.000421323339463 4.001050250956477 7.999963926357224 15.987106768722422 32.004384067578435 63.9408755983228 127.91274180190956 255.30809572888785 507.4969767493175 1008.1846911076283 1626.6450747835468 3169.0827345797416 1899.2627199751394 9422.511635173407 20731.021336701095 
2.0008908898583995 4.002049550723673 8.000911781812427 15.992574243359325 32.01320972736657 63.901927837917796 127.78578013750318 254.7807843120895 504.2521981305488 1006.6588130027203 1865.1632808079348 3680.7177269157255 5364.183826343684 2430.118791252639 20693.04593430499 
2.002257402172495 4.004500808234579 8.00477978445351 15.995537183532623 31.831319631879623 63.79811740674594 127.7879558990915 256.0868724448108 511.91148016425655 1016.4166584749115 1242.3688151929382 4051.7408691838828 7112.34822005246 1563.4037634145197 29809.268464915127 
2.004273293830288 4.0084695027346795 8.013688532232862 16.03089178696841 32.06839257996808 64.12075233555917 128.26887987504742 256.3620054728637 513.0606270697428 1024.6741062334866 1982.2149552320966 3721.4799087571646 6497.409819769605 14369.846325469236 1152.5025244140584 
2.0006493452745078 4.000907910063784 7.999040981387846 15.984522447207796 32.00217682734125 63.845731860609284 128.03478546923907 256.08298633998015 506.02680473423186 1005.9955092588496 1785.9874413306566 2258.364645424477 5134.430089373684 11378.897786561607 8498.211407130244 
2.0003753614302178 4.000750154012451 8.001364101462189 15.999149082279166 32.002432216529186 63.99248366477942 128.02256758447137 256.0058362902428 512.0513883004035 1023.7291537117684 2041.8835348831851 3699.709539138049 7597.718518874979 2697.1352835864745 15204.124296270758 
2.0003420632743856 4.000542567629646 7.988609507221313 15.935577882175888 31.396768697098445 63.334093506244734 127.00285768698522 253.37295296501608 510.02448864851715 993.4946670119135 1246.510733818503 4089.587702626596 7108.152654342281 1597.5929051328137 29021.391206132983 
2.000691404844389 4.0014233651817825 7.9958658666801385 16.002545231300658 31.88443034760816 63.66796215649911 127.62624846866359 253.8652255198444 491.29606806231925 980.1527725349642 1828.9677787282674 2457.0674913837966 2318.380426964856 7474.8075530059805 28838.464330370007 
2.000817050597721 4.001630269021494 8.002692219297026 16.006255294947323 32.01276027201445 64.01762401533374 128.0444813101442 256.05141217249707 511.6962941138657 1023.3845107282453 1976.202863329244 2635.543880269898 5310.364891264119 5760.1273536282615 14040.087507274076 
2.0006142851597235 4.001224493078308 7.999881756055193 15.996587402277555 32.00609904689913 63.97815209678338 128.03740397083493 255.86663110941294 511.5506004220584 1022.512893098897 2041.2931328723823 3996.668771335893 5595.702478140509 6876.714742893791 8207.112695400821 
2.0006359739593393 4.001261608274111 7.9968836374313765 15.97347438929763 32.01074997652332 63.87435740041737 127.6585070207981 254.36857120344484 505.2834279178744 1006.4796722748173 1890.8993546411828 2314.0430781228783 4505.665199916793 10847.6474108154 9902.0933451295 
2.0024039872192123 4.004781953627674 7.994018881084371 15.924049701703492 31.18648888504122 63.13025550208879 126.72935899923785 255.7698037926021 509.3518120595105 1013.7993738184427 1944.3258306297005 2258.549040062036 7002.695499699815 2106.065220783054 29052.083274889563 
2.0008901952961664 4.001780810018098 7.998553841067379 15.982162009761353 32.011290070685 63.940200289070646 127.31932317246442 256.0887251803869 510.68589861217436 1002.5921120556019 1668.0536190832008 3711.509062641582 3869.388776187062 13806.179676721287 6300.948328123843 
2.002359142252084 4.00575517428133 8.010931839722328 16.011481205164557 32.03274175921051 64.04686471525237 127.94883480220697 255.84825521113763 510.4691709441965 951.768870365398 403.97909900844036 3403.733964288577 3865.327788061496 15944.439638866514 26218.0482501021 
2.005951626360391 3.996195366350494 7.799203006962141 16.005243419589892 31.58558880587447 63.11314601252761 127.7719593191621 247.93824980453812 473.6087550712303 1004.3401265309903 1316.0885724095554 3778.883586053874 5120.655149110959 2570.615616957725 32842.195519359586 
2.0048061267103945 4.007611527158206 8.007235558356978 16.016836221662654 32.06487989602602 64.13515662038569 127.80225660560737 254.7540575699882 508.5462632856265 1014.9344353369974 1899.1333536791576 3171.703914835355 4372.09804654452 12337.729869332068 6127.667822360748 
2.0009694804626266 4.001938427214899 8.00384197150624 16.007451787273183 32.01498405948803 64.02817056761612 128.05200695317026 256.10690336288036 512.2452769617412 1024.3089425405628 2043.2249256522603 3925.00711641974 4196.448473702147 2138.3595805873565 30719.525935249734 
2.0004254242212967 4.000849080012698 8.001628299705045 16.003049622606326 32.00685242560196 64.01073453028592 128.0268594085101 256.03403239470197 512.0900375549996 1018.9627710236227 1675.2909941957466 458.61562803833664 5992.213119482048 15538.174613995632 22242.713682099115 
2.0005167153697654 4.0010475162807175 8.002113602031436 16.003657947611103 32.00848319004781 64.01426575617688 128.0312644619722 256.03846526740995 512.0174093562284 1023.7550214326317 2019.485668914041 2307.0527523775067 4629.667405245586 7173.45974013996 14719.467613950605 
2.002790108499904 4.005533849004881 7.999406023566618 15.972678501533302 31.960217144969643 63.60163790427867 126.56311081007031 256.15871455128683 512.5069560018796 1008.3298177695984 1090.0168029325873 1647.5110134506729 5264.622602090795 7844.580917502585 28029.971727938726 
1.9934446664073062 3.9716256135847923 7.972279094567015 15.651925920005175 31.889741526640755 63.195641550845664 126.72428441465745 250.14390963912527 508.4864627641276 991.6436530769699 1538.3258910418713 1674.4466631107198 4242.849045288334 10221.927305088899 17702.30962371355 
2.0093662638785306 4.018732634735027 8.037349205589864 16.07491602230114 32.14986489270132 64.29520847493907 128.58111342888884 257.1961520418613 514.2621799662012 1028.2544964226022 1461.7253673390871 1787.0731789093682 1933.7173553775035 16165.892122640593 29555.514076218664 
2.0039302661982212 4.007830840165949 8.012965431207139 16.018960026311486 32.05872093491343 64.06763078073891 128.23029995868396 256.0563559176346 511.37906109451967 1019.6767399195896 1880.177726331303 2709.553394354205 4941.055097804658 15730.203731712298 5025.690137223075 
2.0023087426800426 4.004355775903806 7.985788503253739 15.895092190382927 31.929092880540914 63.76817697143615 127.72759107727816 256.0375806244498 510.56910697676807 1021.4465900900034 1246.0767734929484 4052.078454074487 7117.500452571802 1630.9007263476929 28486.836959535176 
2.000792429925751 4.001432343296367 8.003268484201293 16.001400127352678 32.00828836475785 64.01175319300255 128.05797694527507 255.99350241270602 510.41430445406854 1019.4477004367859 1981.8116163071954 3838.460648066523 4322.019519408503 12104.245222888678 5294.758196400394 
2.001164172383197 4.002322611022929 8.004207923333341 16.00557791412538 32.01277717098278 64.01681346405444 127.99007757700323 256.01826778036053 512.2761650312267 1023.0226126710625 2006.365392618912 2812.865105722288 5266.673136090068 3729.841357227412 19006.707640379795 
2.000387770893707 4.000839081939269 7.990706708663356 16.00047883922402 31.985934724032475 63.92446007836897 127.90115866370812 255.1443986963533 509.3949975241857 1017.0371496878715 1886.0636611440655 2581.517937372631 8159.550701915589 8757.347891978801 6555.134348419685 
2.000660763134175 4.001815197952445 8.003497255049224 16.004870897207 31.97597655719829 63.987300664542325 128.05878860336244 255.52769137691146 505.9739693030433 1011.8736305498811 1462.8028271190235 2892.36861602825 4077.4015839323347 4228.197187546745 27282.129288584078 
2.0069739850189876 4.013947970037975 8.02789594007595 16.0557918801519 32.1115837603038 64.2231675206076 128.4463350412152 256.8926700824304 513.7853401648608 1027.5706803297217 2055.1413606594433 2732.6497740632726 8072.797376377862 1780.14142497238 22899.702854483694 
2.005281926800632 4.010543364832919 8.019059714859146 16.031738555910913 32.081210242411935 64.12987753093584 128.09085234353023 255.82533873182825 506.97068930981203 998.3007475799552 1849.746014291178 3225.7979803213902 4079.4707495855723 9193.426390413886 9717.125297046055 
2.0016185602525582 4.003196866397095 8.005033788015934 16.00473513969509 32.026189586408265 64.03030779705239 128.0763597426381 255.88574848563516 509.1449707364601 1010.459531641874 1885.5403558045243 3738.4113339196106 2913.4911138171205 6663.517990986299 17496.218171697175 
2.002228020839049 4.004467811106465 8.007828261610992 16.017276741063185 32.03296398750685 64.05163067117338 128.13378437613915 256.1660322652932 512.1604956242663 1024.0053377719294 1984.6759610864776 272.7354973308445 5998.472587644627 13644.362336082266 27397.94346952962 
1.9976772126963631 3.9892919705977636 7.836241466209847 14.95002021067502 30.848778175059532 62.35505067408266 126.47697873150706 232.03853864459091 495.1219597955667 991.8662964768776 1029.414024667613 3649.5926618138046 4286.43548665986 10309.77786225301 13183.131261273407 
2.0025276566320507 4.005056046180143 8.010073770485235 16.020056402545258 32.0402751365508 64.0804413589551 128.1513571649012 256.2972314820103 512.528502130821 1021.2306725541683 1984.8226356859225 3408.9650256552736 5701.107917135058 1552.2365275329669 24923.744148028065 
2.0011853351992026 4.002371129443887 8.004742317190237 16.009478026085738 32.01897131266629 64.03792100175073 128.07543934400573 256.1506436280083 512.2991294454902 1024.4499980936812 2046.6610930301908 3309.976167204779 5606.3044980627865 1809.7667555161518 24007.549514212427 
2.0073521742482257 4.014895690927371 8.026470038759333 16.05122470185892 32.11992091320477 64.21125173725495 128.47419023202886 256.6623425355865 512.9003372662166 1024.8973207582846 1975.1958589044516 3610.173216443012 5494.414158336063 1669.2337668939392 24428.255181097633 
2.0003285755352422 4.000665978210049 8.000414268976076 15.996255489951249 31.996555360125846 63.98058377564832 127.95791249807544 255.69317992955555 508.7775177462333 1013.1463558795598 1757.93010776278 1647.3101095444292 4785.422785823488 5771.7411070718 27131.171670668715 
2.0009685683676923 4.0019370221263735 8.003868777397658 16.00769972609348 32.015450681422465 64.03084712901018 128.06117750935707 256.12258137603277 512.2404633246666 1024.467525633169 2048.125775581984 3921.7013058111224 4128.987156743022 2298.543054003325 29088.880594541206 
2.0003143589748325 4.000533692131196 8.000119504698056 15.998166133457946 32.00399554953777 63.974227966482154 128.0065964748128 255.71448016319266 510.3405428276645 1020.5230913017266 1968.153027713784 3440.417460400605 4840.9844305264905 3058.8653714053034 20343.11452999943 
2.00270290831893 4.005377912142098 8.007862705358637 16.00652541717111 32.0382286854575 64.01186372193004 127.87517277392679 255.36430090997672 511.4182677006842 1018.3924647060857 1845.9814952372253 2407.3872899299536 4238.341518375446 15637.787636082674 7747.368599262802 
2.000934192241067 4.001868372278032 8.00339730471133 16.006847068877217 32.01477772723316 64.02601191339103 128.03439491670372 256.031300553571 511.88013220777003 1023.1521370760667 1983.6101204626823 2749.0830161414665 547.9727517225689 15634.695459482216 28414.676929638532 
2.0014130756159982 4.002912499608412 8.004634582303773 16.012260197700925 32.02488394177311 64.03428340738883 128.05660536858 256.01519538509194 511.66153824515976 1024.2198556734786 2037.4435808999656 4029.7053240396167 3076.1054752423247 10873.856884350444 9701.438427453295 
2.0011852797563088 4.00237003536352 8.004420002006881 16.008724241619444 32.007609002401246 64.02553091434865 128.07562408947592 256.1411773721464 511.95528539692725 1023.8103844425893 2023.215731708955 3322.2881093343412 6417.563315392859 939.241498984231 27285.562182073907 
2.002126453586644 4.004244621684299 8.005942484983708 16.015891941888675 32.02844868793948 64.03555895567129 128.09468508701679 256.0618973288207 510.6562809988042 1016.0138222574981 2015.0824317302024 3423.136397545428 5574.025764609275 12604.77436304612 3168.36566610493 
2.0053912718076865 4.010606626717216 8.021820960305057 16.035714119980774 32.08819351712761 64.1589758932287 128.0711255035077 256.69338697062096 513.0178388862685 1024.544096234532 1865.0098251216298 3752.03694256913 6199.410130603438 1591.5903586193003 22053.606741426538 
2.001121672112511 4.002254583942606 8.004290298950728 16.00754319174102 32.016284142210175 64.0340786284307 128.02661954025228 256.03737841851796 511.09325013452946 1019.9148943665095 2009.984835172386 1591.933149761158 8013.1549471730905 7922.5650376135845 13166.972226250015 
2.0004947458887514 4.000990810202026 8.001970295928377 16.003898049321847 32.00790005143755 64.01556141084687 128.0309275054263 256.06049637917107 512.0981632336718 1024.1953035860838 2047.5434882869413 4086.373964559511 5803.895968182568 4658.74223687666 11978.158146051177 
2.0007150649619754 4.001431107606205 8.00221082748555 16.0054222252489 32.01112152428998 64.01729742385068 128.04247310901337 256.0421882683971 511.98587427639234 1024.2440300969672 2033.0176887043451 4076.549224948471 2099.928250993125 10118.695037133577 14815.235295117742 
2.003945333440528 4.008482009205683 8.016793166232526 16.0223588296602 32.052488048614336 64.1118820258839 128.17953060927553 256.0344902301361 510.8107610949228 1021.5521403356962 1825.7799281403761 2610.9227542128533 4073.6428188416617 4845.194089966862 22216.336319581686 
2.003561330404603 4.007122663641848 8.014245285511882 16.028490457096954 32.05698126547569 64.1139616948205 128.2279035105921 256.45579924563077 512.9113547566436 1025.8229684790233 2051.6322385324897 3392.460057929286 4130.917660836644 11790.55198253892 6482.865589327276 
2.0006089195807775 4.001125585546527 8.00084744110071 15.994483500883272 32.00839526708497 63.97264095792515 127.98499940407508 255.83956822583696 510.85155122217924 1021.1561474868606 2002.4360546592693 3579.0261869978954 2856.7358724806177 6704.291621373854 17761.43820058163 
2.0014364025716187 4.002846885526158 8.00029003366189 15.993088497294542 32.01965063894096 63.99422316776714 127.74320957449774 255.54788373449801 504.3545565910667 1006.1386808595036 1886.29986610463 3368.0952937370976 4247.777564435829 8061.5481764190245 10294.774271419677 
2.0036656290279637 4.007923060234286 7.990002965612654 15.854516915321227 32.045468679604575 63.51384113534587 127.57664394339427 256.22217070051585 509.55314962536215 992.9317456657907 1650.1405118655243 2179.3148438034705 4850.554762784033 12947.356498659496 8970.163601863276 
2.0054007934786107 4.010729290294414 8.016737431034269 16.026495045280168 32.08648185262659 64.12479089031457 128.02390967663382 256.105010742969 505.78064582800425 1010.0628945168748 1783.7669857027936 2907.084998032358 4847.451993857787 8080.159982379184 10317.360390339067 
2.0006355222582823 4.000959257157142 8.000567575982798 15.995938989151709 32.00998628787982 63.97486241759308 127.9565031591211 255.53543074425073 512.0224619515443 1019.4121443035237 1968.711137735029 1379.1412121961823 5526.8162026913105 5460.5312317652515 29904.441317800487 
2.0021427705016355 4.0042855515368005 8.008570577545088 16.017142073469785 32.03428226321239 64.06856715820571 128.13711788410237 256.2741967156336 512.5394537255792 1025.0864016606631 2048.517103608867 4015.9975502180537 1017.703337708309 14412.735909016983 17498.82637439404 
2.000186107914832 4.000372281563671 8.000240223038226 15.9998084701746 32.00240432240753 63.99843920680347 128.00807074707546 255.95619345618323 511.4653204749583 1021.9012165070056 1836.364404379985 2707.9581892456417 6212.067462315823 10262.643469089322 5820.255111032389 
2.001041014882653 4.001896152026031 8.002043106462276 15.99743555713987 32.01656430241067 63.98120271227592 128.00715668453742 255.58053008104747 507.3898155881391 1018.7676202681592 1961.07432712355 1451.3446394376676 7946.854739814697 7480.057826230621 15301.813980071342 
2.000421323339463 4.001050250956477 7.999963926357224 15.987106768722422 32.004384067578435 63.9408755983228 127.91274180190956 255.30809572888785 507.4969767493175 1008.1846911076283 1626.6450747835468 3169.0827345797416 1899.2627199751394 9422.511635173407 20731.021336701095 
2.0008908898583995 4.002049550723673 8.000911781812427 15.992574243359325 32.01320972736657 63.901927837917796 127.78578013750318 254.7807843120895 504.2521981305488 1006.6588130027203 1865.1632808079348 3680.7177269157255 5364.183826343684 2430.118791252639 20693.04593430499 
2.002257402172495 4.004500808234579 8.00477978445351 15.995537183532623 31.831319631879623 63.79811740674594 127.7879558990915 256.0868724448108 511.91148016425655 1016.4166584749115 1242.3688151929382 4051.7408691838828 7112.34822005246 1563.4037634145197 29809.268464915127 
2.004273293830288 4.0084695027346795 8.013688532232862 16.03089178696841 32.06839257996808 64.12075233555917 128.26887987504742 256.3620054728637 513.0606270697428 1024.6741062334866 1982.2149552320966 3721.4799087571646 6497.409819769605 14369.846325469236 1152.5025244140584 
2.0006493452745078 4.000907910063784 7.999040981387846 15.984522447207796 32.00217682734125 63.845731860609284 128.03478546923907 256.08298633998015 506.02680473423186 1005.9955092588496 1785.9874413306566 2258.364645424477 5134.430089373684 11378.897786561607 8498.211407130244 
2.0003753614302178 4.000750154012451 8.001364101462189 15.999149082279166 32.002432216529186 63.99248366477942 128.02256758447137 256.0058362902428 512.0513883004035 1023.7291537117684 2041.8835348831851 3699.709539138049 7597.718518874979 2697.1352835864745 15204.124296270758 
2.0003420632743856 4.000542567629646 7.988609507221313 15.935577882175888 31.396768697098445 63.334093506244734 127.00285768698522 253.37295296501608 510.02448864851715 993.4946670119135 1246.510733818503 4089.587702626596 7108.152654342281 1597.5929051328137 29021.391206132983 
2.000691404844389 4.0014233651817825 7.9958658666801385 16.002545231300658 31.88443034760816 63.66796215649911 127.62624846866359 253.8652255198444 491.29606806231925 980.1527725349642 1828.9677787282674 2457.0674913837966 2318.380426964856 7474.8075530059805 28838.464330370007 
2.000817050597721 4.001630269021494 8.002692219297026 16.006255294947323 32.01276027201445 64.01762401533374 128.0444813101442 256.05141217249707 511.6962941138657 1023.3845107282453 1976.202863329244 2635.543880269898 5310.364891264119 5760.1273536282615 14040.087507274076 
2.0006142851597235 4.001224493078308 7.999881756055193 15.996587402277555 32.00609904689913 63.97815209678338 128.03740397083493 255.86663110941294 511.5506004220584 1022.512893098897 2041.2931328723823 3996.668771335893 5595.702478140509 6876.714742893791 8207.112695400821 
2.0006359739593393 4.001261608274111 7.9968836374313765 15.97347438929763 32.01074997652332 63.87435740041737 127.6585070207981 254.36857120344484 505.2834279178744 1006.4796722748173 1890.8993546411828 2314.0430781228783 4505.665199916793 10847.6474108154 9902.0933451295 
2.0024039872192123 4.004781953627674 7.994018881084371 15.924049701703492 31.18648888504122 63.13025550208879 126.72935899923785 255.7698037926021 509.3518120595105 1013.7993738184427 1944.3258306297005 2258.549040062036 7002.695499699815 2106.065220783054 29052.083274889563 
2.0008901952961664 4.001780810018098 7.998553841067379 15.982162009761353 32.011290070685 63.940200289070646 127.31932317246442 256.0887251803869 510.68589861217436 1002.5921120556019 1668.0536190832008 3711.509062641582 3869.388776187062 13806.179676721287 6300.948328123843 
2.002359142252084 4.00575517428133 8.010931839722328 16.011481205164557 32.03274175921051 64.04686471525237 127.94883480220697 255.84825521113763 510.4691709441965 951.768870365398 403.97909900844036 3403.733964288577 3865.327788061496 15944.439638866514 26218.0482501021 
2.005951626360391 3.996195366350494 7.799203006962141 16.005243419589892 31.58558880587447 63.11314601252761 127.7719593191621 247.93824980453812 473.6087550712303 1004.3401265309903 1316.0885724095554 3778.883586053874 5120.655149110959 2570.615616957725 32842.195519359586 
2.0048061267103945 4.007611527158206 8.007235558356978 16.016836221662654 32.06487989602602 64.13515662038569 127.80225660560737 254.7540575699882 508.5462632856265 1014.9344353369974 1899.1333536791576 3171.703914835355 4372.09804654452 12337.729869332068 6127.667822360748 
2.0009694804626266 4.001938427214899 8.00384197150624 16.007451787273183 32.01498405948803 64.02817056761612 128.05200695317026 256.10690336288036 512.2452769617412 1024.3089425405628 2043.2249256522603 3925.00711641974 4196.448473702147 2138.3595805873565 30719.525935249734 
2.0004254242212967 4.000849080012698 8.001628299705045 16.003049622606326 32.00685242560196 64.01073453028592 128.0268594085101 256.03403239470197 512.0900375549996 1018.9627710236227 1675.2909941957466 458.61562803833664 5992.213119482048 15538.174613995632 22242.713682099115 
2.0005167153697654 4.0010475162807175 8.002113602031436 16.003657947611103 32.00848319004781 64.01426575617688 128.0312644619722 256.03846526740995 512.0174093562284 1023.7550214326317 2019.485668914041 2307.0527523775067 4629.667405245586 7173.45974013996 14719.467613950605 
2.002790108499904 4.005533849004881 7.999406023566618 15.972678501533302 31.960217144969643 63.60163790427867 126.56311081007031 256.15871455128683 512.5069560018796 1008.3298177695984 1090.0168029325873 1647.5110134506729 5264.622602090795 7844.580917502585 28029.971727938726 
1.9934446664073062 3.9716256135847923 7.972279094567015 15.651925920005175 31.889741526640755 63.195641550845664 126.72428441465745 250.14390963912527 508.4864627641276 991.6436530769699 1538.3258910418713 1674.4466631107198 4242.849045288334 10221.927305088899 17702.30962371355 
2.0093662638785306 4.018732634735027 8.037349205589864 16.07491602230114 32.14986489270132 64.29520847493907 128.58111342888884 257.1961520418613 514.2621799662012 1028.2544964226022 1461.7253673390871 1787.0731789093682 1933.7173553775035 16165.892122640593 29555.514076218664 
2.0039302661982212 4.007830840165949 8.012965431207139 16.018960026311486 32.05872093491343 64.06763078073891 128.23029995868396 256.0563559176346 511.37906109451967 1019.6767399195896 1880.177726331303 2709.553394354205 4941.055097804658 15730.203731712298 5025.690137223075 
2.0023087426800426 4.004355775903806 7.985788503253739 15.895092190382927 31.929092880540914 63.76817697143615 127.72759107727816 256.0375806244498 510.56910697676807 1021.4465900900034 1246.0767734929484 4052.078454074487 7117.500452571802 1630.9007263476929 28486.836959535176 
2.000792429925751 4.001432343296367 8.003268484201293 16.001400127352678 32.00828836475785 64.01175319300255 128.05797694527507 255.99350241270602 510.41430445406854 1019.4477004367859 1981.8116163071954 3838.460648066523 4322.019519408503 12104.245222888678 5294.758196400394 
2.001164172383197 4.002322611022929 8.004207923333341 16.00557791412538 32.01277717098278 64.01681346405444 127.99007757700323 256.01826778036053 512.2761650312267 1023.0226126710625 2006.365392618912 2812.865105722288 5266.673136090068 3729.841357227412 19006.707640379795 
2.000387770893707 4.000839081939269 7.990706708663356 16.00047883922402 31.985934724032475 63.92446007836897 127.90115866370812 255.1443986963533 509.3949975241857 1017.0371496878715 1886.0636611440655 2581.517937372631 8159.550701915589 8757.347891978801 6555.134348419685 
2.000660763134175 4.001815197952445 8.003497255049224 16.004870897207 31.97597655719829 63.987300664542325 128.05878860336244 255.52769137691146 505.9739693030433 1011.8736305498811 1462.8028271190235 2892.36861602825 4077.4015839323347 4228.197187546745 27282.129288584078 
2.0069739850189876 4.013947970037975 8.02789594007595 16.0557918801519 32.1115837603038 64.2231675206076 128.4463350412152 256.8926700824304 513.7853401648608 1027.5706803297217 2055.1413606594433 2732.6497740632726 8072.797376377862 1780.14142497238 22899.702854483694 
2.005281926800632 4.010543364832919 8.019059714859146 16.031738555910913 32.081210242411935 64.12987753093584 128.09085234353023 255.82533873182825 506.97068930981203 998.3007475799552 1849.746014291178 3225.7979803213902 4079.4707495855723 9193.426390413886 9717.125297046055 
2.0016185602525582 4.003196866397095 8.005033788015934 16.00473513969509 32.026189586408265 64.03030779705239 128.0763597426381 255.88574848563516 509.1449707364601 1010.459531641874 1885.5403558045243 3738.4113339196106 2913.4911138171205 6663.517990986299 17496.218171697175 
2.002228020839049 4.004467811106465 8.007828261610992 16.017276741063185 32.03296398750685 64.05163067117338 128.13378437613915 256.1660322652932 512.1604956242663 1024.0053377719294 1984.6759610864776 272.7354973308445 5998.472587644627 13644.362336082266 27397.94346952962 
1.9976772126963631 3.9892919705977636 7.836241466209847 14.95002021067502 30.848778175059532 62.35505067408266 126.47697873150706 232.03853864459091 495.1219597955667 991.8662964768776 1029.414024667613 3649.5926618138046 4286.43548665986 10309.77786225301 13183.131261273407 
2.0025276566320507 4.005056046180143 8.010073770485235 16.020056402545258 32.0402751365508 64.0804413589551 128.1513571649012 256.2972314820103 512.528502130821 1021.2306725541683 1984.8226356859225 3408.9650256552736 5701.107917135058 1552.2365275329669 24923.744148028065 
2.0011853351992026 4.002371129443887 8.004742317190237 16.009478026085738 32.01897131266629 64.03792100175073 128.07543934400573 256.1506436280083 512.2991294454902 1024.4499980936812 2046.6610930301908 3309.976167204779 5606.3044980627865 1809.7667555161518 24007.549514212427 
2.0073521742482257 4.014895690927371 8.026470038759333 16.05122470185892 32.11992091320477 64.21125173725495 128.47419023202886 256.6623425355865 512.9003372662166 1024.8973207582846 1975.1958589044516 3610.173216443012 5494.414158336063 1669.2337668939392 24428.255181097633 
2.0003285755352422 4.000665978210049 8.000414268976076 15.996255489951249 31.996555360125846 63.98058377564832 127.95791249807544 255.69317992955555 508.7775177462333 1013.1463558795598 1757.93010776278 1647.3101095444292 4785.422785823488 5771.7411070718 27131.171670668715 
2.0009685683676923 4.0019370221263735 8.003868777397658 16.00769972609348 32.015450681422465 64.03084712901018 128.06117750935707 256.12258137603277 512.2404633246666 1024.467525633169 2048.125775581984 3921.7013058111224 4128.987156743022 2298.543054003325 29088.880594541206 
2.0003143589748325 4.000533692131196 8.000119504698056 15.998166133457946 32.00399554953777 63.974227966482154 128.0065964748128 255.71448016319266 510.3405428276645 1020.5230913017266 1968.153027713784 3440.417460400605 4840.9844305264905 3058.8653714053034 20343.11452999943 
2.0004155840581475 4.000831168261305 8.001662316032823 16.003324540508434 32.006649278854034 64.01329821841495 128.0265973356684 256.05319059055654 512.1063742229359 1024.2127407739943 2048.422601477719 4096.7533205430245 8080.64286406366 6555.161173718116 6558.563042017397 
2.0003844098533716 4.0007760129681955 8.001298222885277 16.00204519992015 32.00604146943771 64.00801219996828 128.02453496064436 256.0130823140546 511.96491763865066 1023.8600943787271 2042.3931814008295 4076.1526335503245 3201.969934974401 3392.4363530983014 32689.523274290284 
2.0003798412005525 4.00075961193364 8.001512310348517 16.00300252763536 32.00607546853838 64.01199291014586 128.02415665516696 256.0472074345689 512.0921339824044 1024.181593542876 2048.090082661609 4093.3978644326844 4186.758756510573 16363.48731349144 4186.184931679889 
2.000403899416905 4.000793292861836 8.000130092516619 15.995451659234607 32.005252563993665 63.97811278077296 127.9929215094827 255.77664379008752 511.0756158770422 1021.6236436968604 1988.3732291831009 2097.719272972442 8091.77195201289 16363.78687706024 4186.261567452801 
2.0004344295515613 4.000868527686744 8.00171953057933 16.00338030855135 32.006925368160665 64.01347043567544 128.02740010417247 256.05182476912165 512.0962120810826 1024.1855505640474 2047.6398047237196 4065.634470555728 5712.111204106007 16311.687210699361 1540.7822880541862 
2.0004002076401397 4.00079998646427 8.000914218587303 15.998635278196765 32.00437811968819 63.99487557475736 128.00986491926096 255.92339970735685 510.3336141408996 1020.3531588163603 1964.057446885899 3163.369280650838 8157.580316331675 7128.049610749507 6820.720435989311 
2.0007189809141064 4.0014353920219214 8.002269628834147 16.0027292410759 32.01129625177522 64.00919832787501 128.03258770125717 256.0593936077682 512.1494048030823 1024.0493982197474 2043.969537352889 3791.526726178304 7735.873491341102 6020.598069624336 7579.457341462122 
2.0005971389160586 4.001198297158489 8.00237131605771 16.00465000597636 32.00954505680114 64.01868078726245 128.00827588856447 255.99579438532538 511.8155698024256 1023.0864237204165 2016.120265549575 2859.2597166645905 8132.390455823573 16332.277060806317 1537.550761103531 
2.0004808516404458 4.0009621998464615 8.00191405672212 16.003805570570314 32.00769374208424 64.01518456087186 128.03075875127232 256.06005093233944 512.1175901238805 1024.2206123558651 2047.3851320846159 4095.089000225616 6848.632407781258 6757.902357841443 6807.664451299973 
2.0003912103472454 4.000783793946723 8.001550954840003 16.00305552172422 32.00624398429491 64.0121563839164 128.02464094913762 256.0471139810038 512.0886691663336 1023.7065431069981 2038.0168059783946 4045.4391250805843 8189.546297073203 6557.309182402109 6555.007767760804 
2.000614769309789 4.001231890864762 8.001264328530727 15.999714664903252 32.00833136470686 63.995479407374795 128.0104193861699 255.91137676380598 511.4916884370809 1022.6599568387044 1909.9343915389813 2571.6757939308227 8161.024888180125 1219.6717949919098 32531.03681570877 
2.00040601155432 4.000812245965776 8.001616977279832 16.003215520206915 32.00649209319809 64.01285919754757 128.0258719671789 256.051230326643 512.1001329476871 1024.1986666958212 2047.757425439062 4094.839459013354 3272.151193109601 3285.492817561974 32705.558994930077 
2.008680552665375 4.019872078194667 8.027141715528462 15.999910966006352 32.126736519217296 64.10293371071974 128.36515371924244 256.4721825945166 512.2555049097255 1027.952587035363 1972.003535925901 3663.2351503537398 7277.438177780948 7531.359908509819 5814.982533481287 
2.000618881954795 4.0012367024655715 8.000722087901366 15.996377953796756 32.00735325496928 63.98067723868775 128.00158091655476 255.81405551739982 511.0160559632512 1021.5158257329621 1831.5152511357971 1711.682811421855 8139.993379494866 3178.828549480233 32687.661383340714 
2.000465378946881 4.00093052359294 8.001846594451958 16.00363762892946 32.00742754262073 64.01450038580414 128.02977835749058 256.05696805305456 512.1069110280611 1024.2130531468863 2047.8426825079391 4094.4519168845113 5009.752456224159 1288.0727321902073 32670.987197059487 
2.000355877692704 4.000779760936553 7.999160909732983 15.992461764851127 32.004348867076445 63.962958260378464 127.98441563106272 255.79436124640463 510.9395722061002 1021.3124850965478 1814.2543881656457 1684.276840853107 8139.777398318004 3276.6289018588373 32713.592057615402 
2.00061066591305 4.001223900473045 8.002355926033124 16.004399685219017 32.00970430822733 64.0173453395412 128.03904025758223 256.0639366482538 512.0870825021445 1024.1644106335652 2045.1207562496586 4086.296493245121 5068.63497575625 1240.1209472623798 32470.073077044784 
2.000592091174292 4.00118390053522 8.000915740213955 15.99837138745632 32.00754147345813 63.98938784742531 128.01310708527848 255.87829299818324 511.23165976437065 1022.0916610657615 1887.0416026784465 2526.9874190942855 8163.065518717561 1306.9102827815555 32672.373393620168 
2.0003986160536877 4.000802115869422 8.001441932581846 16.002485411369566 32.006291114461916 64.00947422236544 128.02290438325858 256.03400038159856 512.0240367748207 1024.0096324369474 2043.8391696852484 4082.1808707361633 3363.7171318344244 3150.0571266662346 32705.505853216222 
2.000474530757799 4.000949061515598 8.001898123031197 16.0037092017511 32.00757752746392 64.01481391084444 128.03006307219462 256.0578777150154 512.1099036623424 1024.2204800322017 2048.0614507028117 4096.236045395075 6796.731070281336 6794.8320034086055 6796.7594728610065 
2.0009612714128564 4.001922796036946 8.003527304172804 16.00593954602702 32.01483415847593 64.02222347524588 128.05012919219843 256.0996515328687 512.0744789180661 1024.0587375425832 2019.4262450405868 3938.5028447494456 7559.385008367584 7137.2138738332205 5879.391727931868 
2.0005591801865945 4.001128128911285 8.002191407987112 16.00414100367183 32.00894262387417 64.01676978148095 128.03426540461072 256.0596183528137 512.091961488687 1024.1764927611919 2045.799545732324 3995.7025059760485 8190.7708306666655 11444.777688906903 1537.524466908724 
2.000387180043177 4.000738530032414 7.999151093046434 15.992377874396599 32.00327271663967 63.9687916780703 128.01980407391298 255.69765203967268 510.55729543030816 1020.5208522641843 1783.8655339621218 1705.869795895339 8104.961470323159 15556.116768371949 6555.084861179798 
2.0004062381654233 4.0007908769428475 8.001138502626596 16.00046579144855 32.00584802392779 64.00355524406211 128.01305477020452 255.9603559580951 511.7261848760411 1023.2820074961546 2016.343938375837 2857.4638899079705 8144.576422695093 16341.666912628052 1540.7718807522351 
2.0003325958550007 4.000532050294859 7.999611771945859 15.993724918058257 32.00421159003379 63.97441342595475 127.9772624099763 255.6511223140854 510.42603550055424 1020.2201728514743 1954.8983938699846 3224.695228073888 8161.633518098797 7225.8433907395365 6555.106164432282 
2.0003735198358434 4.000806065505218 8.00022476720161 15.996125220129993 32.00430841589225 63.98053925166406 128.02328021222712 255.8000442548517 511.1796833772708 1022.1642529782381 1897.0295072600989 3503.5971558400665 8175.482423278278 12833.56382062119 1226.991930575182 
2.0004050966747364 4.0008028022528865 8.000337285561697 15.994465413423116 32.00318202737045 63.973528168643604 127.99367711118158 255.78275831175262 508.3910242234394 1016.3086109391902 1830.5815147138546 1692.796725273338 8109.2692396686025 3236.255116356655 32459.27537267067 
2.00041723804579 4.000834410682587 8.00166124702699 16.00331278291748 32.00666962943675 64.0132434899299 128.02669108405647 256.05241360282326 512.1044694195834 1024.206360736653 2048.27037427984 4095.4165666553336 8163.503876052075 6563.861988316923 6541.915725439502 
2.0004969032285613 4.00099345011872 8.001957903098257 16.003743537074296 32.00786755452633 64.01472943206262 128.02444714776678 256.04118164217965 511.24489924078875 1022.1842553510611 1993.7104281590425 3834.120407555711 4389.507028020332 1935.4255745177613 31373.214488109486 
2.000405572621271 4.000811145812452 8.001622272629893 16.003244498853075 32.00648914430287 64.01297793887008 128.02595634350072 256.0519112987905 512.1038174186574 1024.2076303266172 2048.4136699405926 4096.8164279665625 8147.495748897116 12.550947359068605 31505.518742034157 
2.000472006243489 4.000948893682445 8.001436538332053 16.001917733791377 32.00721933041162 64.00753627897336 128.02057036494807 255.99491139819915 511.83095152909533 1023.649428867964 2034.274127079507 4053.1115523291473 5244.262830315556 8135.254472351931 7037.852472713848 
2.000428558699941 4.000852398326279 8.000894999299899 15.997788595202275 32.00473654532684 63.98838382016463 128.00671043243648 255.8850130060764 509.74887368380473 1019.1966938961615 1909.9212029515525 2568.18088918055 8158.855139517518 1225.4391335220914 32459.53634581699 
2.00045547979426 4.000909728676678 7.9966897776804755 15.97854497487125 31.99984437627656 63.867632648307925 128.00962647945798 255.11313580362182 507.91022933487073 1015.6255835485192 1829.4055286410494 1668.1526323044584 7406.320101125636 3404.0285035625484 32685.65252849869 
2.000459280527479 4.0009195813115435 8.001817911685183 16.003589506192935 32.00734922244013 64.01428026302544 128.02927498340054 256.05568825347723 512.0978061725082 1024.1939144441799 2046.2420145418212 4087.077461070733 3202.436754274915 15826.19713523686 6807.592123925267 
2.0003779780923985 4.000756222716327 8.001502649670456 16.00297343552159 32.00604181508765 64.01187549749513 128.02418378157265 256.0468960885165 512.0908682072301 1024.1788502116165 2047.3520092801407 4092.7177104116654 3031.5944628416705 3661.0801567345657 32684.39894912896 
2.0004035878976234 4.000810954380188 8.00138473381055 16.002279086797472 32.00633064464306 64.00901569969011 128.02195347734065 256.01509259669143 511.97087150554887 1023.8719762703805 2041.0670100444238 3842.834088240427 4284.008424330631 16168.96032479782 4047.0133750652362 
2.0004243378753492 4.000848671531565 8.001696756977953 16.003391663522077 32.006788897019916 64.01356528763304 128.02714140017676 256.05420618497595 512.10814808307 1024.2163410397006 2048.410354724696 4096.825854594205 8034.174603036764 5024.146546961951 9167.98112222528 
2.0004014810364366 4.000805330331229 8.00002625434143 15.996185184876113 32.005253168614956 63.98046824172796 127.99814796798086 255.88444120045173 511.2744936898899 1022.3691798285156 1909.2884141977186 2568.124882099301 8158.700372610541 1225.3416456190612 32476.051625135056 
2.00059833012642 4.001201183287751 8.002363657113849 16.004578580084324 32.009542902929326 64.01819084742235 128.0302770292431 256.05830871788334 512.0779629070969 1024.1186231536258 2035.129625484519 4035.25734307368 1.207848294518144 16388.43878334901 32622.05614184364 
2.0003961358243485 4.0008526250913565 7.99947705206018 15.99184803662307 32.00352808154231 63.96086634216663 128.0233680016978 255.6425060444565 510.57982642901305 1020.5244037327689 1786.7551113014074 3071.389681798477 3851.057552794218 3276.6858633203083 32711.274321377954 
2.0003896549480755 4.0007790785174935 8.00154472971393 16.00304368883996 32.00622377129476 64.0121489765447 128.02491883987662 256.04732943822256 512.090395283712 1024.1761697414215 2046.7668194112025 4090.351085868865 3.3128978132836218 15922.282377827909 32751.224252900098 
2.0004212180615237 4.0008424283344475 8.001671974217945 16.003314822062997 32.00671408269734 64.01321735076866 128.0267398703822 256.05217213462544 512.0836040389025 1024.1641341437185 2044.592018710134 4054.6760706204905 8187.665772599382 6323.8818711336025 6910.365473928887 
2.0004042992732454 4.000807325652563 8.001552881365699 16.002944966952384 32.00640241099478 64.01176500122224 128.02459167663656 256.0401771193755 512.0618946812409 1024.1035528467 2046.098797099215 4075.2186414905777 8192.856956240747 6555.258948176664 6555.0279662045705 
2.0003962180903514 4.000793581346763 8.001546798713482 16.003005924337366 32.00632205168334 64.0119954404386 128.02534725049983 256.0449654472236 512.0801806686555 1024.1498455244516 2047.3161188176825 4093.0754345630885 3278.04688892396 3276.5864052344577 32730.600051370573 
2.000558777512715 4.001117733385495 8.00223128771271 16.004449285871065 32.00894136690686 64.0177958142522 128.03568437797995 256.0705974483534 512.1306013149285 1024.2619501290503 2048.1432527938214 4083.0817730517256 3074.01880284613 14938.636351669371 7351.871514920082 
2.0004115946332743 4.000823191910739 8.001646289870742 16.003292351936793 32.00658537595202 64.01316907699965 128.0263403126911 256.0526672304733 512.1053067094297 1024.2105824232613 2048.3594361452333 4096.5412366034525 7965.005055019081 6565.510488092658 6555.070571548481 
2.0004323759519202 4.000864738525403 8.00172649961418 16.003443757877445 32.006915442801926 64.0137637512467 128.02760497220564 256.05480544102033 512.1090651852219 1024.2169403294806 2048.339915374805 4093.4617453194915 4190.873101469932 16028.572248935361 4186.294766455302 
2.0004281458835766 4.0008559156984695 8.001652990774575 16.003012915360227 32.00669438689413 64.0118479864451 128.0258892138722 256.0423728460167 512.0606886467943 1024.0956923486342 2045.6803059357592 4066.3390109547427 8193.05966381456 3.0495372332343336 32193.586588612954 
2.0004334920293227 4.000863985073984 8.001321703508863 16.001666746878055 32.00647339995109 64.00656898675601 128.0175517030392 255.98155257812468 511.23803530252565 1022.3821695089497 1997.6778266934907 3624.4267714390103 8176.233002937951 6751.72581051711 6548.167295114596 
2.000555569248912 4.000882004311779 8.000229375785866 15.992296113653916 32.00626699704647 63.96164943539378 127.98764267446023 255.54004311798576 509.9311972213374 1018.8668714254103 1658.6525435847052 2310.550554885695 988.6582986383146 16127.455318991302 32622.686770410797 
2.00049459612231 4.001109039962862 8.001264388412753 16.000162972889093 32.00752247081806 63.993576661463955 128.01663205735213 255.89284888052651 511.4756603777318 1022.5178679879549 1910.6979011434335 2582.359900571665 8159.6373082759765 1202.1572239482002 32476.99419586592 
2.0000631080754125 4.0012265330334715 7.993752298496917 15.958582161559663 31.995464421476733 63.78754451338602 127.85595849178367 254.61381519993003 506.1215826456428 1009.8525194347466 1638.8003375924525 2211.78061157206 1108.6116785760526 16388.582592269675 32472.13077999715 
2.000623903089247 4.001247776378015 8.002383008261043 16.004245045610812 32.00973714654091 64.01625987801202 128.03673155275675 256.0513324864847 511.23997505641967 1022.3922824791147 1909.6493057195248 2569.9864481771815 8046.953872104246 1225.0103833907576 32626.256792788106 
2.0004352472375055 4.001045396898166 8.000382927004578 15.995367656624683 32.006505284961094 63.985924412351295 127.99875631412938 255.7669636317865 510.866359553375 1019.6584836621894 1954.2497361213946 2872.1885334458943 8132.383886528848 16332.263867693895 1537.5495190795334 
2.0004043565398613 4.000807519205158 8.001557103056935 16.00296339229787 32.00640744786956 64.01183962549983 128.02449467452283 256.0406959877446 512.0610942871333 1024.1035528467 2046.098797099215 4075.2186414905777 8192.856956240747 6555.258948176664 6555.0279662045705 
2.0008596847509836 4.001723297865117 8.003112611383907 16.0050493160046 32.01321422654571 64.01932222294066 128.04483761982553 256.08636995374655 512.0343243314518 1023.9777054542843 2038.545629424739 3758.952957275199 6895.040918992153 7405.927285443695 5999.62764014066 
2.0004424092252595 4.000884818163745 8.001768214765534 16.003530469890823 32.00707402428533 64.0141255077318 128.02831168957036 256.0563508035757 512.1122264727691 1024.223905617979 2048.280646945698 4094.0154774934877 4796.529067812769 16367.593183896433 2949.9194403926654 
2.0003937188570444 4.000787411668956 8.001574343213653 16.003147176949078 32.00629960434619 64.01258871583863 128.02512151964555 256.0501617333509 512.1000028238874 1024.1995449734418 2048.3640794109274 4096.616461602 7972.252296900661 8347.407961737144 4229.2944251669505 
2.000314619214728 4.000776942534418 7.996078853503915 15.974760305648202 31.999400315368426 63.88120399302974 127.8714290726777 254.83931401824788 507.7539388358077 1012.0358806248573 1792.28810246726 1706.4933270548815 8105.026829293002 15870.868126193605 6502.52395027553 
2.0005037696632915 4.001008114378482 8.00200474790163 16.003982651634075 32.00805133611625 64.01592789831953 128.03197875587338 256.0626842232766 512.1222356913557 1024.241194868087 2047.3475179261638 4092.407730703597 8174.915816688957 6555.2813779758335 6555.351844785937 
2.000550526072459 4.001135188221581 8.002055688578475 16.003325747242112 32.00890926912007 64.0139900082298 128.03614447119284 256.0329559695887 511.9835426387772 1023.898057774214 2016.488297414958 2861.4002075560293 8033.190286828906 16332.0404132115 1537.5284826613904 
2.0004613396375523 4.001089688161073 8.000556526201128 15.995572903591558 32.00609087561879 63.987016971036084 128.02983879123073 255.80122264419413 511.0289810974842 1020.2542317519875 1941.2287245299676 7.474943398591846 8075.542395824349 16201.526624832193 32017.165428459815 
2.000415113192118 4.000829629059746 8.00162846028454 16.003179061935704 32.00660894007806 64.01270767943922 128.02576847399166 256.0472528584652 512.0816601656071 1024.1558902514066 2047.1372405758398 4085.301717558738 8193.272237565287 6555.008955578198 6555.061797462104 
2.0005632721333395 4.001114082290058 8.001604732514098 16.00158371492695 32.00820877095859 64.00087629993902 128.022890556464 255.92742724060147 511.54085940153306 1022.8148982089858 1930.9354635499406 2561.123823638056 8159.387787427849 1225.4357090445505 32480.974509173284 
2.0004020439521977 4.0008011362065155 8.001577975724526 16.003062551073516 32.006410779637115 64.01226034745343 128.0249098590467 256.04578763851947 512.081445424183 1024.152321360634 2047.2036036321797 4085.5361710151474 8193.233330882416 6758.5725414896215 6254.494252041917 
1.999664713094858 3.9943155494198823 7.947620205822558 15.627679738046263 31.879137729735035 63.01859328851696 127.03606644671649 251.03490564443493 500.72637521416374 1019.2715979954979 1268.0119849465966 3580.4631443110984 4939.689031554943 16351.820280119384 5812.218480768935 
2.0071941196443963 4.014388250807054 8.028774854420261 16.057544512157733 32.115104700157445 64.23017391210848 128.4603880485971 256.9205124640733 513.8404863415144 1027.6803387779958 2055.3266761199625 4109.37812010022 6636.713935047974 9066.78447316889 4186.272795597597 
2.0004122351862406 4.000824398587102 8.00163291371716 16.003213155290286 32.00651791766765 64.012766895145 128.02594054201552 256.05080910761916 512.0967352103555 1024.1884861849176 2047.904428518043 4094.927322997827 5734.638024800944 9828.68038759299 4395.762945436854 
2.000434547070432 4.000867640305131 8.001716279869573 16.00337462926186 32.00694028732644 64.01311549492709 128.02720574870358 256.0515011654499 512.0920076064 1024.1761106763852 2047.5490193445232 4094.0524453599182 4216.453365052441 16363.057358508695 4120.293761981231 
2.0003856429609104 4.000771505580127 8.001520494452834 16.002994605159518 32.0061557234083 64.01197236571558 128.02420562617445 256.0465677099775 512.086143350784 1024.173231483775 2047.6444438751905 4095.443849465832 8170.2503033498515 6554.911633069343 6554.96448030781 
2.000578029754678 4.001156229643461 8.000946826723835 15.997588996527679 32.00707397127806 63.98830995713715 128.0065445102307 255.81848906286035 511.20044690449805 1021.6507323055979 1870.451651220185 2180.0636614486602 987.7765392665914 16349.273282491726 32581.78724105871 
2.002401706337676 4.004803905910651 8.008982363473278 16.016610091415323 32.037581247916094 64.06458387418877 128.1367594016104 256.2726156536781 512.3560274858172 1024.5785429392956 2006.0535461366258 3861.3492925027467 6914.951336067027 7358.79265053356 6004.245259810744 
2.0004142463359784 4.000827894498803 8.000648791431608 15.99666502657037 32.00367728688327 63.98712311827671 128.00329231443033 255.8664871345541 509.5152750994001 1018.571306157702 1910.0587944636084 2568.0808743913344 8158.749005536268 1224.7811959936118 32681.699502124033 
